T          	Er(t)      	Ephi(t)    	Ez(t)      	Hr(t)      	Hphi(t)    	Hz(t)      	Jr(t)      	Jphi(t)    	Jz(t)      
0          	0          	0          	0          	0          	0          	0          	0.48971    	-0.48971   	0          	
0.0294     	0          	0          	0          	0          	0          	0          	0.47942    	-0.47942   	0          	
0.0588     	0          	9.86118e-14	0          	4.31046e-21	4.49006e-21	4.93059e-14	0.469136   	-0.469135  	-1.08984e-12	
0.0882     	9.86118e-16	5.37047e-13	-2.33124e-21	2.34285e-20	2.43219e-20	3.0499e-13 	0.458862   	-0.458858  	-4.29709e-12	
0.1176     	7.08593e-15	1.67078e-12	-1.43547e-20	7.26985e-20	7.51744e-20	1.05133e-12	0.448606   	-0.448595  	-1.0572e-11	
0.147      	2.81125e-14	3.89479e-12	-4.92198e-20	1.68929e-19	1.73956e-19	2.6605e-12 	0.438374   	-0.438348  	-2.07739e-11	
0.1764     	8.13226e-14	7.57062e-12	-1.23842e-19	3.27127e-19	3.355e-19  	5.51679e-12	0.428174   	-0.428122  	-3.56583e-11	
0.2058     	1.91658e-13	1.29919e-11	-2.55305e-19	5.58992e-19	5.71211e-19	9.94935e-12	0.418012   	-0.41792   	-5.58666e-11	
0.2352     	3.90645e-13	2.0392e-11 	-4.57893e-19	8.73303e-19	8.89664e-19	1.62073e-11	0.407898   	-0.407746  	-8.19169e-11	
0.2646     	7.14792e-13	2.99701e-11	-7.42247e-19	1.27713e-18	1.29787e-18	2.44772e-11	0.397838   	-0.397602  	-1.14197e-10	
0.294      	1.20434e-12	4.19063e-11	-1.1164e-18	1.77655e-18	1.80187e-18	3.49143e-11	0.387841   	-0.387493  	-1.52959e-10	
0.3234     	1.90262e-12	5.63554e-11	-1.58719e-18	2.3764e-18 	2.40628e-18	4.7658e-11 	0.377916   	-0.37742   	-1.98316e-10	
0.3528     	2.85578e-12	7.3428e-11 	-2.16078e-18	3.07945e-18	3.11339e-18	6.28206e-11	0.36807    	-0.367386  	-2.50248e-10	
0.3822     	4.11219e-12	9.31784e-11	-2.84182e-18	3.88593e-18	3.9228e-18 	8.04656e-11	0.35831    	-0.357393  	-3.08603e-10	
0.4116     	5.72151e-12	1.15607e-10	-3.6325e-18	4.79365e-18	4.83165e-18	1.00595e-10	0.348645   	-0.347442  	-3.73116e-10	
0.441      	7.7334e-12 	1.40671e-10	-4.53207e-18	5.7986e-18 	5.83535e-18	1.23153e-10	0.339083   	-0.337536  	-4.4343e-10	
0.4704     	1.01965e-11	1.68296e-10	-5.53739e-18	6.89537e-18	6.9279e-18 	1.48049e-10	0.329628   	-0.327675  	-5.19134e-10	
0.4998     	1.31574e-11	1.98373e-10	-6.64372e-18	8.07722e-18	8.10176e-18	1.75159e-10	0.32029    	-0.317861  	-5.99795e-10	
0.5292     	1.66606e-11	2.30754e-10	-7.84509e-18	9.33574e-18	9.34753e-18	2.04333e-10	0.311072   	-0.308094  	-6.8499e-10	
0.5586     	2.07473e-11	2.65247e-10	-9.13397e-18	1.06608e-17	1.0654e-17 	2.35382e-10	0.301982   	-0.298377  	-7.74324e-10	
0.588      	2.54549e-11	3.01623e-10	-1.05009e-17	1.20408e-17	1.20083e-17	2.68073e-10	0.293025   	-0.288712  	-8.67431e-10	
0.6174     	3.08164e-11	3.39624e-10	-1.19344e-17	1.34632e-17	1.3397e-17 	3.02138e-10	0.284206   	-0.279099  	-9.63962e-10	
0.6468     	3.68592e-11	3.78973e-10	-1.34215e-17	1.49148e-17	1.48059e-17	3.3729e-10 	0.275529   	-0.269542  	-1.06357e-09	
0.6762     	4.3605e-11 	4.1938e-10 	-1.49487e-17	1.6382e-17 	1.62205e-17	3.73227e-10	0.266999   	-0.260042  	-1.1659e-09	
0.7056     	5.10695e-11	4.60537e-10	-1.65017e-17	1.7851e-17 	1.76257e-17	4.09642e-10	0.25862    	-0.250601  	-1.27058e-09	
0.735      	5.92623e-11	5.02124e-10	-1.80662e-17	1.93075e-17	1.90062e-17	4.46215e-10	0.250395   	-0.241222  	-1.37725e-09	
0.7644     	6.81866e-11	5.43817e-10	-1.96271e-17	2.07375e-17	2.03472e-17	4.82621e-10	0.242329   	-0.231908  	-1.48553e-09	
0.7938     	7.78391e-11	5.85301e-10	-2.11691e-17	2.21274e-17	2.16349e-17	5.18535e-10	0.234424   	-0.222662  	-1.59506e-09	
0.8232     	8.82098e-11	6.26285e-10	-2.26776e-17	2.34653e-17	2.28574e-17	5.53653e-10	0.226683   	-0.213489  	-1.70539e-09	
0.8526     	9.92828e-11	6.66513e-10	-2.41392e-17	2.47409e-17	2.40052e-17	5.87704e-10	0.219108   	-0.204396  	-1.81603e-09	
0.882      	1.11037e-10	7.05775e-10	-2.55428e-17	2.59463e-17	2.50714e-17	6.20466e-10	0.211701   	-0.19539   	-1.92632e-09	
0.9114     	1.23446e-10	7.43917e-10	-2.68797e-17	2.70759e-17	2.60525e-17	6.51766e-10	0.204463   	-0.186479  	-2.03554e-09	
0.9408     	1.36482e-10	7.80848e-10	-2.81444e-17	2.81273e-17	2.69483e-17	6.81496e-10	0.197397   	-0.177672  	-2.14288e-09	
0.9702     	1.50111e-10	8.16542e-10	-2.93341e-17	2.91009e-17	2.77614e-17	7.09607e-10	0.190502   	-0.16897   	-2.24767e-09	
0.9996     	1.64304e-10	8.51026e-10	-3.04493e-17	2.99993e-17	2.84964e-17	7.36114e-10	0.183778   	-0.16037   	-2.34959e-09	
1.029      	1.79026e-10	8.84354e-10	-3.1493e-17	3.08262e-17	2.91575e-17	7.61073e-10	0.177226   	-0.151861  	-2.44882e-09	
1.0584     	1.94247e-10	9.16574e-10	-3.24692e-17	3.15852e-17	2.97471e-17	7.84553e-10	0.170846   	-0.143423  	-2.5462e-09	
1.0878     	2.09938e-10	9.47697e-10	-3.33807e-17	3.2278e-17 	3.02646e-17	8.06605e-10	0.164637   	-0.135036  	-2.64304e-09	
1.1172     	2.26071e-10	9.77688e-10	-3.42281e-17	3.29044e-17	3.07064e-17	8.27234e-10	0.158602   	-0.126686  	-2.74077e-09	
1.1466     	2.42615e-10	1.00646e-09	-3.50086e-17	3.34621e-17	3.10666e-17	8.46392e-10	0.15274    	-0.118371  	-2.84038e-09	
1.176      	2.59543e-10	1.03391e-09	-3.57165e-17	3.39474e-17	3.1337e-17 	8.63991e-10	0.147054   	-0.110106  	-2.94205e-09	
1.2054     	2.76823e-10	1.05988e-09	-3.6344e-17	3.43557e-17	3.15073e-17	8.79915e-10	0.141544   	-0.101919  	-3.04503e-09	
1.2348     	2.94421e-10	1.08421e-09	-3.68812e-17	3.46817e-17	3.15642e-17	8.94028e-10	0.136209   	-0.093843  	-3.14806e-09	
1.2642     	3.12302e-10	1.10673e-09	-3.73158e-17	3.49196e-17	3.14917e-17	9.06179e-10	0.13105    	-0.0859064 	-3.24993e-09	
1.2936     	3.30425e-10	1.12723e-09	-3.76329e-17	3.50632e-17	3.1274e-17 	9.16202e-10	0.126063   	-0.078124  	-3.34997e-09	
1.323      	3.48749e-10	1.14558e-09	-3.78161e-17	3.51088e-17	3.09026e-17	9.23948e-10	0.121246   	-0.0704984 	-3.44802e-09	
1.3524     	3.67228e-10	1.16175e-09	-3.78522e-17	3.50587e-17	3.03877e-17	9.29353e-10	0.116595   	-0.0630259 	-3.54386e-09	
1.3818     	3.85815e-10	1.176e-09  	-3.77407e-17	3.4927e-17 	2.97695e-17	9.32548e-10	0.112108   	-0.0557047 	-3.63647e-09	
1.4112     	4.04466e-10	1.18898e-09	-3.75051e-17	3.47442e-17	2.91246e-17	9.33987e-10	0.10778    	-0.0485393 	-3.72371e-09	
1.4406     	4.23146e-10	1.20174e-09	-3.7202e-17	3.45578e-17	2.85594e-17	9.34519e-10	0.103609   	-0.0415383 	-3.80278e-09	
1.47       	4.41836e-10	1.21561e-09	-3.69224e-17	3.44254e-17	2.81868e-17	9.35342e-10	0.0995896  	-0.0347075 	-3.8713e-09	
1.4994     	4.60543e-10	1.23183e-09	-3.67768e-17	3.43989e-17	2.80889e-17	9.37763e-10	0.0957193  	-0.0280449 	-3.92836e-09	
1.5288     	4.79298e-10	1.25108e-09	-3.68657e-17	3.45031e-17	2.82785e-17	9.42778e-10	0.0919933  	-0.0215407 	-3.97484e-09	
1.5582     	4.98154e-10	1.27299e-09	-3.72408e-17	3.47163e-17	2.86775e-17	9.50588e-10	0.0884075  	-0.015185  	-4.01263e-09	
1.5876     	5.17166e-10	1.29593e-09	-3.78729e-17	3.49615e-17	2.91269e-17	9.60223e-10	0.0849582  	-0.00897502	-4.0435e-09	
1.617      	5.3637e-10 	1.31719e-09	-3.86435e-17	3.51178e-17	2.94345e-17	9.69517e-10	0.0816417  	-0.00291973	-4.06823e-09	
1.6464     	5.55761e-10	1.3337e-09 	-3.93718e-17	3.50521e-17	2.94436e-17	9.75547e-10	0.0784542  	0.00296448 	-4.08675e-09	
1.6758     	5.75272e-10	1.34302e-09	-3.98734e-17	3.46622e-17	2.90912e-17	9.75481e-10	0.0753916  	0.0086614  	-4.09909e-09	
1.7052     	5.94781e-10	1.34424e-09	-4.00269e-17	3.39149e-17	2.84232e-17	9.67563e-10	0.0724491  	0.0141609  	-4.10619e-09	
1.7346     	6.14132e-10	1.33836e-09	-3.98156e-17	3.28615e-17	2.75513e-17	9.51806e-10	0.0696215  	0.0194583  	-4.10977e-09	
1.764      	6.33169e-10	1.32792e-09	-3.93187e-17	3.16187e-17	2.6569e-17 	9.30047e-10	0.0669034  	0.024549   	-4.11136e-09	
1.7934     	6.5177e-10 	1.31596e-09	-3.86478e-17	3.03231e-17	2.54744e-17	9.05241e-10	0.0642893  	0.0294233  	-4.11106e-09	
1.8228     	6.69874e-10	1.30479e-09	-3.78628e-17	2.90776e-17	2.41516e-17	8.80279e-10	0.0617735  	0.0340664  	-4.10719e-09	
1.8522     	6.8748e-10 	1.29512e-09	-3.69152e-17	2.79164e-17	2.24356e-17	8.56855e-10	0.0593499  	0.038465   	-4.09719e-09	
1.8816     	7.04617e-10	1.28608e-09	-3.56646e-17	2.6808e-17 	2.02321e-17	8.34966e-10	0.0570121  	0.0426142  	-4.079e-09 	
1.911      	7.21316e-10	1.27608e-09	-3.39689e-17	2.56913e-17	1.76219e-17	8.13307e-10	0.0547534  	0.0465191  	-4.05194e-09	
1.9404     	7.37582e-10	1.26395e-09	-3.18039e-17	2.4525e-17 	1.48745e-17	7.90314e-10	0.0525671  	0.0501907  	-4.01632e-09	
1.9698     	7.53389e-10	1.24972e-09	-2.93339e-17	2.33167e-17	1.23456e-17	7.65242e-10	0.0504468  	0.0536387  	-3.97236e-09	
1.9992     	7.68694e-10	1.23452e-09	-2.68778e-17	2.21145e-17	1.03069e-17	7.386e-10  	0.0483865  	0.0568683  	-3.91938e-09	
2.0286     	7.83466e-10	1.21955e-09	-2.4772e-17	2.09648e-17	8.81042e-18	7.11658e-10	0.0463804  	0.0598828  	-3.85614e-09	
2.058      	7.97699e-10	1.20505e-09	-2.32055e-17	1.98667e-17	7.67796e-18	6.8536e-10 	0.044423   	0.0626893  	-3.78215e-09	
2.0874     	8.11406e-10	1.18974e-09	-2.21275e-17	1.87553e-17	6.6282e-18 	6.59382e-10	0.042509   	0.0653021  	-3.69863e-09	
2.1168     	8.24594e-10	1.17141e-09	-2.12946e-17	1.7528e-17 	5.45973e-18	6.32018e-10	0.0406333  	0.0677397  	-3.60833e-09	
2.1462     	8.37234e-10	1.14811e-09	-2.04304e-17	1.61008e-17	4.16269e-18	6.01049e-10	0.0387913  	0.0700184  	-3.51429e-09	
2.1756     	8.49255e-10	1.11932e-09	-1.93934e-17	1.44545e-17	2.87804e-18	5.65033e-10	0.0369792  	0.0721476  	-3.4184e-09	
2.205      	8.60556e-10	1.08618e-09	-1.82359e-17	1.26414e-17	1.7337e-18 	5.24161e-10	0.0351933  	0.0741318  	-3.32124e-09	
2.2344     	8.71039e-10	1.05067e-09	-1.71105e-17	1.07467e-17	6.83886e-19	4.8007e-10 	0.0334306  	0.0759758  	-3.223e-09 	
2.2638     	8.8064e-10 	1.01427e-09	-1.60946e-17	8.8337e-18 	-5.16703e-19	4.34754e-10	0.0316878  	0.0776898  	-3.12462e-09	
2.2932     	8.89335e-10	9.7722e-10 	-1.50687e-17	6.91295e-18	-2.16939e-18	3.89358e-10	0.0299621  	0.0792875  	-3.02799e-09	
2.3226     	8.97123e-10	9.38771e-10	-1.37534e-17	4.95722e-18	-4.41732e-18	3.43726e-10	0.0282509  	0.0807817  	-2.93495e-09	
2.352      	9.03997e-10	8.98269e-10	-1.18904e-17	2.94899e-18	-7.12303e-18	2.97028e-10	0.0265522  	0.0821792  	-2.84594e-09	
2.3814     	9.09938e-10	8.56202e-10	-9.43804e-18	9.21463e-19	-9.93895e-18	2.4893e-10 	0.0248642  	0.0834818  	-2.75973e-09	
2.4108     	9.14916e-10	8.14331e-10	-6.62945e-18	-1.04139e-18	-1.2525e-17	2.00385e-10	0.0231852  	0.0846905  	-2.6744e-09	
2.4402     	9.18924e-10	7.74763e-10	-3.84042e-18	-2.84779e-18	-1.47489e-17	1.53379e-10	0.0215139  	0.0858109  	-2.58879e-09	
2.4696     	9.21992e-10	7.38697e-10	-1.35948e-18	-4.45146e-18	-1.67144e-17	1.09803e-10	0.0198486  	0.086853   	-2.50308e-09	
2.499      	9.24188e-10	7.05813e-10	7.65299e-19	-5.87354e-18	-1.85978e-17	7.03289e-11	0.0181882  	0.0878258  	-2.41809e-09	
2.5284     	9.25594e-10	6.74793e-10	2.68517e-18	-7.17575e-18	-2.04303e-17	3.41612e-11	0.0165317  	0.0887336  	-2.33395e-09	
2.5578     	9.26277e-10	6.44552e-10	4.5519e-18 	-8.4066e-18	-2.20143e-17	-1.22912e-13	0.0148784  	0.089575   	-2.24959e-09	
2.5872     	9.26275e-10	6.15177e-10	6.32822e-18	-9.56407e-18	-2.30508e-17	-3.33328e-11	0.0132276  	0.0903477  	-2.16354e-09	
2.6166     	9.25608e-10	5.87822e-10	7.77108e-18	-1.06044e-17	-2.33799e-17	-6.50137e-11	0.0115788  	0.0910535  	-2.07525e-09	
2.646      	9.24308e-10	5.63671e-10	8.61014e-18	-1.14878e-17	-2.31334e-17	-9.39016e-11	0.00993107 	0.0916984  	-1.98577e-09	
2.6754     	9.2243e-10 	5.42854e-10	8.77804e-18	-1.22222e-17	-2.26644e-17	-1.1908e-10	0.00828392 	0.092289   	-1.89694e-09	
2.7048     	9.20048e-10	5.24249e-10	8.4978e-18 	-1.28655e-17	-2.23046e-17	-1.40858e-10	0.00663688 	0.092828   	-1.80996e-09	
2.7342     	9.17231e-10	5.06336e-10	8.14592e-18	-1.34856e-17	-2.21469e-17	-1.60618e-10	0.0049897  	0.0933134  	-1.72466e-09	
2.7636     	9.14019e-10	4.88383e-10	7.99653e-18	-1.41104e-17	-2.20344e-17	-1.79765e-10	0.00334218 	0.0937427  	-1.64006e-09	
2.793      	9.10424e-10	4.70949e-10	8.05568e-18	-1.47114e-17	-2.17604e-17	-1.98664e-10	0.00169405 	0.0941175  	-1.55573e-09	
2.8224     	9.0645e-10 	4.55285e-10	8.12233e-18	-1.52336e-17	-2.13037e-17	-2.16459e-10	4.50006e-05	0.0944441  	-1.47254e-09	
2.8518     	9.02121e-10	4.4215e-10 	8.02044e-18	-1.56474e-17	-2.08882e-17	-2.31938e-10	-0.00160522	0.0947295  	-1.39196e-09	
2.8812     	8.97482e-10	4.31073e-10	7.79815e-18	-1.59756e-17	-2.08101e-17	-2.44683e-10	-0.00325664	0.0949769  	-1.31475e-09	
2.9106     	8.92589e-10	4.20685e-10	7.71658e-18	-1.62753e-17	-2.1181e-17	-2.55519e-10	-0.00490912	0.0951852  	-1.24021e-09	
2.94       	8.87478e-10	4.0983e-10 	8.03356e-18	-1.65892e-17	-2.18158e-17	-2.65888e-10	-0.00656242	0.0953521  	-1.16674e-09	
2.9694     	8.82161e-10	3.98464e-10	8.77043e-18	-1.69106e-17	-2.23693e-17	-2.767e-10 	-0.0082164 	0.0954787  	-1.09332e-09	
2.9988     	8.76627e-10	3.87568e-10	9.67051e-18	-1.71934e-17	-2.26091e-17	-2.87661e-10	-0.00987094	0.0955703  	-1.02032e-09	
3.0282     	8.70873e-10	3.7816e-10 	1.03926e-17	-1.73968e-17	-2.25856e-17	-2.97667e-10	-0.0115259 	0.0956326  	-9.48957e-10	
3.0576     	8.6492e-10 	3.70304e-10	1.07759e-17	-1.75247e-17	-2.25515e-17	-3.05892e-10	-0.013181  	0.0956682  	-8.79916e-10	
3.087      	8.58802e-10	3.62998e-10	1.09455e-17	-1.76251e-17	-2.27048e-17	-3.12599e-10	-0.0148357 	0.0956747  	-8.12576e-10	
3.1164     	8.5255e-10 	3.55042e-10	1.11681e-17	-1.77496e-17	-2.29888e-17	-3.18952e-10	-0.0164895 	0.0956492  	-7.45546e-10	
3.1458     	8.46171e-10	3.4609e-10 	1.15872e-17	-1.79091e-17	-2.31329e-17	-3.26005e-10	-0.0181421 	0.0955917  	-6.78032e-10	
3.1752     	8.39651e-10	3.36952e-10	1.20784e-17	-1.8067e-17	-2.28991e-17	-3.33777e-10	-0.0197932 	0.0955063  	-6.10648e-10	
3.2046     	8.32975e-10	3.28859e-10	1.23573e-17	-1.81736e-17	-2.23097e-17	-3.41249e-10	-0.0214423 	0.0953979  	-5.44847e-10	
3.234      	8.2615e-10 	3.2238e-10 	1.22432e-17	-1.82119e-17	-2.16454e-17	-3.47271e-10	-0.0230891 	0.095268   	-4.81548e-10	
3.2634     	8.19205e-10	3.16947e-10	1.18386e-17	-1.82126e-17	-2.12112e-17	-3.51575e-10	-0.0247329 	0.0951145  	-4.20303e-10	
3.2928     	8.12174e-10	3.11422e-10	1.14574e-17	-1.8225e-17	-2.108e-17 	-3.54973e-10	-0.0263733 	0.0949343  	-3.5983e-10	
3.3222     	8.05074e-10	3.05158e-10	1.13622e-17	-1.82715e-17	-2.10469e-17	-3.58588e-10	-0.0280097 	0.0947278  	-2.99365e-10	
3.3516     	7.97902e-10	2.98584e-10	1.15465e-17	-1.8328e-17	-2.08361e-17	-3.62824e-10	-0.0296416 	0.0944991  	-2.39466e-10	
3.381      	7.90646e-10	2.92777e-10	1.17603e-17	-1.83466e-17	-2.03682e-17	-3.67024e-10	-0.0312688 	0.0942529  	-1.81461e-10	
3.4104     	7.83305e-10	2.88438e-10	1.17541e-17	-1.83012e-17	-1.98387e-17	-3.70113e-10	-0.0328906 	0.0939909  	-1.26098e-10	
3.4398     	7.75903e-10	2.85215e-10	1.15174e-17	-1.82117e-17	-1.95357e-17	-3.71629e-10	-0.0345064 	0.0937109  	-7.27524e-11	
3.4692     	7.68471e-10	2.82009e-10	1.12894e-17	-1.81261e-17	-1.95654e-17	-3.72175e-10	-0.0361156 	0.0934102  	-2.00082e-11	
3.4986     	7.61027e-10	2.77961e-10	1.13337e-17	-1.80763e-17	-1.97429e-17	-3.72895e-10	-0.0377175 	0.0930892  	3.29805e-11	
3.528      	7.53569e-10	2.73211e-10	1.16843e-17	-1.80503e-17	-1.97552e-17	-3.74451e-10	-0.0393117 	0.0927516  	8.56993e-11	
3.5574     	7.4608e-10 	2.68717e-10	1.21035e-17	-1.80047e-17	-1.94439e-17	-3.76457e-10	-0.0408977 	0.0924016  	1.36852e-10	
3.5868     	7.38551e-10	2.65322e-10	1.22923e-17	-1.79072e-17	-1.89456e-17	-3.77888e-10	-0.0424749 	0.0920405  	1.85717e-10	
3.6162     	7.30993e-10	2.62949e-10	1.21603e-17	-1.77677e-17	-1.85567e-17	-3.78069e-10	-0.0440426 	0.0916656  	2.32907e-10	
3.6456     	7.23432e-10	2.60668e-10	1.19026e-17	-1.76294e-17	-1.84502e-17	-3.77322e-10	-0.0456001 	0.0912739  	2.79769e-10	
3.675      	7.15885e-10	2.57574e-10	1.18116e-17	-1.75284e-17	-1.8511e-17	-3.76662e-10	-0.0471469 	0.0908655  	3.27031e-10	
3.7044     	7.08352e-10	2.53637e-10	1.19998e-17	-1.74605e-17	-1.84464e-17	-3.76849e-10	-0.0486825 	0.0904439  	3.74062e-10	
3.7338     	7.00815e-10	2.49721e-10	1.22941e-17	-1.73858e-17	-1.80674e-17	-3.77676e-10	-0.0502064 	0.0900127  	4.19503e-10	
3.7632     	6.93262e-10	2.46772e-10	1.24019e-17	-1.72667e-17	-1.7474e-17	-3.78176e-10	-0.051718  	0.0895726  	4.62628e-10	
3.7926     	6.85698e-10	2.44932e-10	1.21924e-17	-1.71032e-17	-1.6966e-17	-3.77527e-10	-0.0532167 	0.089121   	5.04066e-10	
3.822      	6.78148e-10	2.43428e-10	1.18269e-17	-1.69325e-17	-1.67641e-17	-3.7582e-10	-0.0547018 	0.088655   	5.45153e-10	
3.8514     	6.70631e-10	2.41315e-10	1.16117e-17	-1.67926e-17	-1.68044e-17	-3.73955e-10	-0.0561729 	0.0881748  	5.86578e-10	
3.8808     	6.63152e-10	2.38378e-10	1.17133e-17	-1.66867e-17	-1.68033e-17	-3.72784e-10	-0.0576296 	0.087684   	6.27698e-10	
3.9102     	6.55697e-10	2.35311e-10	1.20042e-17	-1.65807e-17	-1.65301e-17	-3.72314e-10	-0.0590713 	0.0871859  	6.67201e-10	
3.9396     	6.4825e-10 	2.33043e-10	1.21868e-17	-1.64361e-17	-1.60281e-17	-3.71722e-10	-0.0604976 	0.086681   	7.04464e-10	
3.969      	6.40816e-10	2.31833e-10	1.20778e-17	-1.62474e-17	-1.55706e-17	-3.70163e-10	-0.0619079 	0.0861668  	7.40199e-10	
3.9984     	6.33413e-10	2.31023e-10	1.17819e-17	-1.60472e-17	-1.53962e-17	-3.67585e-10	-0.0633016 	0.0856407  	7.75757e-10	
4.0278     	6.26061e-10	2.29661e-10	1.15891e-17	-1.58749e-17	-1.54763e-17	-3.64784e-10	-0.0646784 	0.085103   	8.11774e-10	
4.0572     	6.18765e-10	2.27402e-10	1.1694e-17 	-1.57398e-17	-1.55402e-17	-3.62655e-10	-0.0660377 	0.0845572  	8.47553e-10	
4.0866     	6.11512e-10	2.2481e-10 	1.20062e-17	-1.5613e-17	-1.53338e-17	-3.61352e-10	-0.0673793 	0.0840062  	8.81792e-10	
4.116      	6.04285e-10	2.22795e-10	1.22346e-17	-1.54563e-17	-1.48628e-17	-3.60171e-10	-0.0687026 	0.0834504  	9.13919e-10	
4.1454     	5.97082e-10	2.21725e-10	1.21654e-17	-1.52598e-17	-1.43853e-17	-3.58246e-10	-0.0700072 	0.0828868  	9.44681e-10	
4.1748     	5.89917e-10	2.21069e-10	1.18658e-17	-1.50512e-17	-1.41614e-17	-3.55391e-10	-0.0712927 	0.0823132  	9.75379e-10	
4.2042     	5.82809e-10	2.19925e-10	1.16181e-17	-1.48688e-17	-1.42017e-17	-3.52275e-10	-0.0725585 	0.0817299  	1.00654e-09	
4.2336     	5.75763e-10	2.17885e-10	1.16471e-17	-1.4725e-17	-1.42581e-17	-3.4977e-10	-0.0738045 	0.0811402  	1.0374e-09 	
4.263      	5.68768e-10	2.15431e-10	1.19035e-17	-1.45943e-17	-1.40673e-17	-3.48113e-10	-0.0750303 	0.0805469  	1.06664e-09	
4.2924     	5.61806e-10	2.13453e-10	1.21137e-17	-1.44384e-17	-1.36082e-17	-3.46686e-10	-0.0762356 	0.0799497  	1.0938e-09 	
4.3218     	5.54872e-10	2.12391e-10	1.20469e-17	-1.42439e-17	-1.31239e-17	-3.44619e-10	-0.0774199 	0.079346   	1.11968e-09	
4.3512     	5.4798e-10 	2.11814e-10	1.17405e-17	-1.40343e-17	-1.2886e-17	-3.41636e-10	-0.0785829 	0.0787335  	1.14556e-09	
4.3806     	5.41147e-10	2.10851e-10	1.14651e-17	-1.38471e-17	-1.293e-17 	-3.38309e-10	-0.0797242 	0.078113   	1.1719e-09 	
4.41       	5.34381e-10	2.09039e-10	1.1462e-17 	-1.36971e-17	-1.30212e-17	-3.35498e-10	-0.0808437 	0.0774877  	1.19788e-09	
4.4394     	5.27671e-10	2.06769e-10	1.17092e-17	-1.35621e-17	-1.28839e-17	-3.33518e-10	-0.0819412 	0.0768602  	1.22224e-09	
4.4688     	5.21e-10   	2.04892e-10	1.19424e-17	-1.34053e-17	-1.24701e-17	-3.3184e-10	-0.0830164 	0.07623    	1.24462e-09	
4.4982     	5.14364e-10	2.03884e-10	1.19127e-17	-1.32111e-17	-1.20056e-17	-3.29622e-10	-0.0840689 	0.0755945  	1.26589e-09	
4.5276     	5.07771e-10	2.03379e-10	1.16283e-17	-1.30006e-17	-1.17679e-17	-3.26532e-10	-0.0850985 	0.0749518  	1.28732e-09	
4.557      	5.01241e-10	2.02535e-10	1.13455e-17	-1.28106e-17	-1.18126e-17	-3.23072e-10	-0.0861049 	0.0743028  	1.30926e-09	
4.5864     	4.94779e-10	2.00849e-10	1.13172e-17	-1.2658e-17	-1.19186e-17	-3.20088e-10	-0.087088  	0.0736507  	1.33081e-09	
4.6158     	4.88377e-10	1.98645e-10	1.15442e-17	-1.25234e-17	-1.18039e-17	-3.17946e-10	-0.0880478 	0.0729979  	1.35075e-09	
4.6452     	4.82018e-10	1.96743e-10	1.17743e-17	-1.23711e-17	-1.14028e-17	-3.1619e-10	-0.0889839 	0.0723436  	1.36879e-09	
4.6746     	4.75695e-10	1.95649e-10	1.17482e-17	-1.21839e-17	-1.09302e-17	-3.13993e-10	-0.0898961 	0.0716852  	1.38589e-09	
4.704      	4.69415e-10	1.95066e-10	1.14542e-17	-1.19803e-17	-1.06706e-17	-3.10976e-10	-0.0907843 	0.0710209  	1.40324e-09	
4.7334     	4.63195e-10	1.94191e-10	1.11397e-17	-1.17958e-17	-1.0699e-17	-3.07569e-10	-0.0916482 	0.0703521  	1.4211e-09 	
4.7628     	4.57044e-10	1.92507e-10	1.10688e-17	-1.1648e-17	-1.08074e-17	-3.04586e-10	-0.0924879 	0.0696817  	1.43847e-09	
4.7922     	4.50952e-10	1.90287e-10	1.12638e-17	-1.15198e-17	-1.07107e-17	-3.02424e-10	-0.0933033 	0.0690118  	1.4542e-09 	
4.8216     	4.44904e-10	1.88322e-10	1.14843e-17	-1.1376e-17	-1.03285e-17	-3.00681e-10	-0.0940943 	0.0683415  	1.46811e-09	
4.851      	4.3889e-10 	1.87141e-10	1.14637e-17	-1.11983e-17	-9.86409e-18	-2.98552e-10	-0.0948605 	0.0676681  	1.4812e-09 	
4.8804     	4.32919e-10	1.86498e-10	1.11725e-17	-1.1003e-17	-9.60457e-18	-2.95622e-10	-0.0956021 	0.0669901  	1.49467e-09	
4.9098     	4.27007e-10	1.85621e-10	1.08475e-17	-1.08244e-17	-9.63696e-18	-2.92267e-10	-0.0963188 	0.0663091  	1.50863e-09	
4.9392     	4.21161e-10	1.83983e-10	1.07583e-17	-1.06808e-17	-9.76241e-18	-2.89274e-10	-0.0970108 	0.0656281  	1.52206e-09	
4.9686     	4.15376e-10	1.81811e-10	1.09421e-17	-1.05569e-17	-9.69261e-18	-2.87068e-10	-0.097678  	0.0649487  	1.53385e-09	
4.998      	4.09634e-10	1.79861e-10	1.11664e-17	-1.04188e-17	-9.3345e-18	-2.85295e-10	-0.0983203 	0.0642698  	1.54394e-09	
5.0274     	4.03929e-10	1.78665e-10	1.11587e-17	-1.02479e-17	-8.88154e-18	-2.83183e-10	-0.0989377 	0.063589   	1.55341e-09	
5.0568     	3.98265e-10	1.7801e-10 	1.08746e-17	-1.00591e-17	-8.62144e-18	-2.80301e-10	-0.09953   	0.062905   	1.56338e-09	
5.0862     	3.92659e-10	1.77158e-10	1.0541e-17 	-9.8855e-18	-8.65079e-18	-2.76983e-10	-0.100097  	0.0622194  	1.57386e-09	
5.1156     	3.87119e-10	1.75574e-10	1.04316e-17	-9.74611e-18	-8.77942e-18	-2.7399e-10	-0.10064   	0.0615352  	1.58376e-09	
5.145      	3.81639e-10	1.73454e-10	1.05955e-17	-9.62685e-18	-8.71937e-18	-2.7176e-10	-0.101158  	0.0608538  	1.59203e-09	
5.1744     	3.76204e-10	1.71523e-10	1.08096e-17	-9.49507e-18	-8.37068e-18	-2.69982e-10	-0.10165   	0.0601738  	1.59871e-09	
5.2038     	3.70805e-10	1.70311e-10	1.0799e-17 	-9.33205e-18	-7.92044e-18	-2.67908e-10	-0.102118  	0.0594929  	1.60494e-09	
5.2332     	3.65446e-10	1.69636e-10	1.05102e-17	-9.15136e-18	-7.65687e-18	-2.65098e-10	-0.102561  	0.05881    	1.61176e-09	
5.2626     	3.60144e-10	1.68788e-10	1.01633e-17	-8.98515e-18	-7.6832e-18	-2.61851e-10	-0.10298   	0.058127   	1.61907e-09	
5.292      	3.54907e-10	1.67242e-10	1.00343e-17	-8.85208e-18	-7.81584e-18	-2.58897e-10	-0.103373  	0.0574465  	1.62573e-09	
5.3214     	3.49729e-10	1.65171e-10	1.01817e-17	-8.73895e-18	-7.76781e-18	-2.56679e-10	-0.103742  	0.0567698  	1.63074e-09	
5.3508     	3.44596e-10	1.63274e-10	1.03891e-17	-8.61409e-18	-7.43464e-18	-2.54911e-10	-0.104087  	0.0560954  	1.63428e-09	
5.3802     	3.39498e-10	1.62074e-10	1.03809e-17	-8.45891e-18	-6.99804e-18	-2.52873e-10	-0.104407  	0.0554208  	1.63753e-09	
5.4096     	3.3444e-10 	1.61407e-10	1.00963e-17	-8.28616e-18	-6.7444e-18	-2.50123e-10	-0.104703  	0.0547453  	1.64146e-09	
5.439      	3.29438e-10	1.60589e-10	9.74922e-18	-8.12691e-18	-6.77921e-18	-2.46934e-10	-0.104974  	0.054071   	1.64585e-09	
5.4684     	3.24499e-10	1.59105e-10	9.61522e-18	-7.99949e-18	-6.9222e-18	-2.44013e-10	-0.105221  	0.0534003  	1.64953e-09	
5.4978     	3.19619e-10	1.57114e-10	9.75724e-18	-7.89136e-18	-6.88744e-18	-2.41798e-10	-0.105445  	0.0527342  	1.65159e-09	
5.5272     	3.14783e-10	1.55289e-10	9.9633e-18 	-7.77189e-18	-6.56858e-18	-2.40026e-10	-0.105644  	0.052071   	1.65232e-09	
5.5566     	3.09982e-10	1.54139e-10	9.95785e-18	-7.62301e-18	-6.14428e-18	-2.38004e-10	-0.10582   	0.0514085  	1.65294e-09	
5.586      	3.05222e-10	1.53507e-10	9.67603e-18	-7.45709e-18	-5.89903e-18	-2.35297e-10	-0.105972  	0.0507461  	1.65433e-09	
5.6154     	3.00516e-10	1.52734e-10	9.3276e-18 	-7.30434e-18	-5.93863e-18	-2.3216e-10	-0.106101  	0.0500859  	1.65615e-09	
5.6448     	2.95873e-10	1.51316e-10	9.18717e-18	-7.18258e-18	-6.08483e-18	-2.29278e-10	-0.106207  	0.0494304  	1.6572e-09 	
5.6742     	2.91288e-10	1.49407e-10	9.32022e-18	-7.07964e-18	-6.05416e-18	-2.27081e-10	-0.106289  	0.0487802  	1.65665e-09	
5.7036     	2.86746e-10	1.47656e-10	9.51823e-18	-6.96578e-18	-5.74168e-18	-2.25322e-10	-0.106349  	0.0481334  	1.65492e-09	
5.733      	2.82239e-10	1.46559e-10	9.50746e-18	-6.82359e-18	-5.32569e-18	-2.23328e-10	-0.106386  	0.0474879  	1.65324e-09	
5.7624     	2.77773e-10	1.45963e-10	9.22247e-18	-6.66522e-18	-5.08886e-18	-2.20674e-10	-0.1064    	0.0468435  	1.65239e-09	
5.7918     	2.73359e-10	1.45226e-10	8.87119e-18	-6.51998e-18	-5.13515e-18	-2.17606e-10	-0.106392  	0.0462022  	1.65192e-09	
5.8212     	2.69007e-10	1.43865e-10	8.7268e-18 	-6.40495e-18	-5.28627e-18	-2.14785e-10	-0.106362  	0.0455665  	1.65061e-09	
5.8506     	2.64712e-10	1.42032e-10	8.85474e-18	-6.30797e-18	-5.26104e-18	-2.1263e-10	-0.10631   	0.0449366  	1.64773e-09	
5.88       	2.60459e-10	1.4036e-10 	9.04791e-18	-6.2001e-18	-4.95748e-18	-2.109e-10 	-0.106237  	0.0443105  	1.64381e-09	
5.9094     	2.56241e-10	1.39325e-10	9.03456e-18	-6.06466e-18	-4.55474e-18	-2.0894e-10	-0.106142  	0.0436862  	1.64009e-09	
5.9388     	2.52062e-10	1.38772e-10	8.75038e-18	-5.9138e-18	-4.33284e-18	-2.06342e-10	-0.106025  	0.0430638  	1.63726e-09	
5.9682     	2.47935e-10	1.38079e-10	8.40249e-18	-5.77605e-18	-4.39141e-18	-2.03344e-10	-0.105888  	0.0424454  	1.63475e-09	
5.9976     	2.43869e-10	1.36779e-10	8.26146e-18	-5.66765e-18	-4.55004e-18	-2.00591e-10	-0.10573   	0.0418332  	1.63134e-09	
6.027      	2.39857e-10	1.35029e-10	8.39012e-18	-5.57635e-18	-4.5298e-18	-1.98484e-10	-0.105551  	0.0412271  	1.6264e-09 	
6.0564     	2.35887e-10	1.33445e-10	8.58091e-18	-5.47396e-18	-4.23342e-18	-1.96787e-10	-0.105352  	0.0406252  	1.62059e-09	
6.0858     	2.31951e-10	1.32483e-10	8.56438e-18	-5.34472e-18	-3.84256e-18	-1.94863e-10	-0.105133  	0.0400255  	1.61513e-09	
6.1152     	2.28054e-10	1.31983e-10	8.27942e-18	-5.20101e-18	-3.63466e-18	-1.92319e-10	-0.104894  	0.0394284  	1.61061e-09	
6.1446     	2.24208e-10	1.31334e-10	7.934e-18  	-5.07068e-18	-3.70381e-18	-1.89395e-10	-0.104636  	0.0388361  	1.60634e-09	
6.174      	2.2042e-10 	1.30092e-10	7.79602e-18	-4.96905e-18	-3.86649e-18	-1.86719e-10	-0.104359  	0.0382504  	1.60111e-09	
6.2034     	2.16685e-10	1.28421e-10	7.92428e-18	-4.88363e-18	-3.84663e-18	-1.84675e-10	-0.104062  	0.0376711  	1.59441e-09	
6.2328     	2.12992e-10	1.26923e-10	8.10986e-18	-4.78691e-18	-3.55355e-18	-1.83024e-10	-0.103747  	0.0370961  	1.58699e-09	
6.2622     	2.09331e-10	1.26032e-10	8.08647e-18	-4.66411e-18	-3.17292e-18	-1.81147e-10	-0.103413  	0.0365238  	1.58008e-09	
6.2916     	2.05708e-10	1.2558e-10 	7.7981e-18 	-4.5279e-18	-2.97949e-18	-1.78667e-10	-0.103061  	0.0359545  	1.57412e-09	
6.321      	2.02135e-10	1.2497e-10 	7.45502e-18	-4.40549e-18	-3.06042e-18	-1.75829e-10	-0.102692  	0.0353906  	1.56833e-09	
6.3504     	1.98618e-10	1.23777e-10	7.32208e-18	-4.31116e-18	-3.22789e-18	-1.73245e-10	-0.102304  	0.0348338  	1.56152e-09	
6.3798     	1.95154e-10	1.22178e-10	7.45248e-18	-4.23202e-18	-3.20876e-18	-1.71279e-10	-0.1019    	0.0342835  	1.55331e-09	
6.4092     	1.91728e-10	1.20762e-10	7.63468e-18	-4.14121e-18	-2.91998e-18	-1.69688e-10	-0.101478  	0.0337375  	1.54454e-09	
6.4386     	1.88334e-10	1.19942e-10	7.60573e-18	-4.02493e-18	-2.55194e-18	-1.67866e-10	-0.10104   	0.0331944  	1.53641e-09	
6.468      	1.84977e-10	1.19538e-10	7.31588e-18	-3.8963e-18	-2.37612e-18	-1.65457e-10	-0.100585  	0.0326549  	1.52924e-09	
6.4974     	1.81668e-10	1.18963e-10	6.97838e-18	-3.78187e-18	-2.47126e-18	-1.62712e-10	-0.100114  	0.0321212  	1.52215e-09	
6.5268     	1.78414e-10	1.17817e-10	6.85433e-18	-3.69486e-18	-2.64419e-18	-1.60227e-10	-0.0996276 	0.0315948  	1.514e-09  	
6.5562     	1.75209e-10	1.16287e-10	6.98977e-18	-3.62194e-18	-2.62504e-18	-1.58348e-10	-0.0991255 	0.0310749  	1.50452e-09	
6.5856     	1.72042e-10	1.14954e-10	7.16961e-18	-3.53684e-18	-2.33954e-18	-1.56823e-10	-0.0986082 	0.0305594  	1.49465e-09	
6.615      	1.68906e-10	1.14204e-10	7.13464e-18	-3.42691e-18	-1.9836e-18	-1.55061e-10	-0.098076  	0.0300469  	1.48554e-09	
6.6444     	1.65804e-10	1.13845e-10	6.84271e-18	-3.30575e-18	-1.82517e-18	-1.52728e-10	-0.0975292 	0.0295385  	1.47738e-09	
6.6738     	1.6275e-10 	1.13301e-10	6.51085e-18	-3.1993e-18	-1.93361e-18	-1.50081e-10	-0.0969681 	0.0290362  	1.46922e-09	
6.7032     	1.59748e-10	1.12197e-10	6.39611e-18	-3.11965e-18	-2.10997e-18	-1.47704e-10	-0.0963931 	0.0285412  	1.45995e-09	
6.7326     	1.56794e-10	1.10732e-10	6.53638e-18	-3.05297e-18	-2.0883e-18	-1.45922e-10	-0.0958046 	0.0280527  	1.44945e-09	
6.762      	1.53876e-10	1.09476e-10	6.71254e-18	-2.97363e-18	-1.80431e-18	-1.44473e-10	-0.0952027 	0.0275685  	1.43872e-09	
6.7914     	1.50986e-10	1.08792e-10	6.66983e-18	-2.87011e-18	-1.46008e-18	-1.42778e-10	-0.0945877 	0.0270875  	1.42885e-09	
6.8208     	1.48131e-10	1.08473e-10	6.37493e-18	-2.75654e-18	-1.3195e-18	-1.40527e-10	-0.0939601 	0.0266107  	1.41992e-09	
6.8502     	1.4532e-10 	1.07954e-10	6.04927e-18	-2.65825e-18	-1.44158e-18	-1.37986e-10	-0.0933201 	0.0261404  	1.41088e-09	
6.8796     	1.4256e-10 	1.06884e-10	5.94529e-18	-2.58613e-18	-1.62114e-18	-1.35727e-10	-0.0926681 	0.0256774  	1.40069e-09	
6.909      	1.39846e-10	1.05477e-10	6.09166e-18	-2.52579e-18	-1.59659e-18	-1.3405e-10	-0.0920044 	0.0252207  	1.38938e-09	
6.9384     	1.37165e-10	1.04294e-10	6.26475e-18	-2.45221e-18	-1.31449e-18	-1.32684e-10	-0.0913292 	0.0247681  	1.37799e-09	
6.9678     	1.34511e-10	1.03673e-10	6.21474e-18	-2.35508e-18	-9.83241e-19	-1.31062e-10	-0.090643  	0.0243188  	1.36757e-09	
6.9972     	1.3189e-10 	1.0339e-10 	5.91796e-18	-2.24907e-18	-8.61992e-19	-1.28897e-10	-0.0899459 	0.023874   	1.35803e-09	
7.0266     	1.29312e-10	1.02891e-10	5.60045e-18	-2.15887e-18	-9.98402e-19	-1.26467e-10	-0.0892384 	0.0234358  	1.34829e-09	
7.056      	1.26783e-10	1.0185e-10 	5.50932e-18	-2.09417e-18	-1.18074e-18	-1.2433e-10	-0.0885209 	0.0230049  	1.33738e-09	
7.0854     	1.24296e-10	1.00499e-10	5.66304e-18	-2.03998e-18	-1.15243e-18	-1.22764e-10	-0.0877936 	0.02258    	1.32545e-09	
7.1148     	1.21841e-10	9.93863e-11	5.83315e-18	-1.97196e-18	-8.71704e-19	-1.21484e-10	-0.0870567 	0.022159   	1.31361e-09	
7.1442     	1.19411e-10	9.88242e-11	5.77543e-18	-1.88102e-18	-5.53529e-19	-1.19938e-10	-0.0863107 	0.0217413  	1.3028e-09 	
7.1736     	1.17012e-10	9.85739e-11	5.47674e-18	-1.78243e-18	-4.51612e-19	-1.17862e-10	-0.0855557 	0.0213282  	1.29283e-09	
7.203      	1.14655e-10	9.80905e-11	5.16797e-18	-1.7002e-18	-6.0153e-19	-1.15546e-10	-0.0847923 	0.0209219  	1.28256e-09	
7.2324     	1.12344e-10	9.70753e-11	5.09025e-18	-1.64277e-18	-7.85018e-19	-1.13535e-10	-0.0840207 	0.0205226  	1.2711e-09 	
7.2618     	1.10073e-10	9.57751e-11	5.25113e-18	-1.59458e-18	-7.5134e-19	-1.12083e-10	-0.0832412 	0.0201291  	1.25874e-09	
7.2912     	1.07832e-10	9.4729e-11 	5.41731e-18	-1.53196e-18	-4.71238e-19	-1.10892e-10	-0.082454  	0.0197392  	1.24663e-09	
7.3206     	1.05614e-10	9.42222e-11	5.35096e-18	-1.44709e-18	-1.66226e-19	-1.09424e-10	-0.0816596 	0.0193526  	1.23561e-09	
7.35       	1.03425e-10	9.39995e-11	5.05027e-18	-1.35582e-18	-8.38508e-20	-1.0744e-10	-0.0808581 	0.0189709  	1.22535e-09	
7.3794     	1.01277e-10	9.35272e-11	4.751e-18  	-1.28145e-18	-2.4689e-19	-1.05241e-10	-0.0800501 	0.0185958  	1.21469e-09	
7.4088     	9.91719e-11	9.25334e-11	4.68759e-18	-1.23113e-18	-4.30625e-19	-1.0336e-10	-0.0792357 	0.0182276  	1.20285e-09	
7.4382     	9.71047e-11	9.12812e-11	4.85595e-18	-1.18875e-18	-3.90912e-19	-1.02023e-10	-0.0784153 	0.0178646  	1.19023e-09	
7.4676     	9.50642e-11	9.02987e-11	5.01798e-18	-1.13134e-18	-1.11611e-19	-1.00924e-10	-0.0775891 	0.0175052  	1.178e-09  	
7.497      	9.30457e-11	8.98436e-11	4.94295e-18	-1.05237e-18	1.79424e-19	-9.95345e-11	-0.0767574 	0.017149   	1.1669e-09 	
7.5264     	9.10551e-11	8.96448e-11	4.641e-18  	-9.68241e-19	2.41688e-19	-9.76424e-11	-0.0759206 	0.0167977  	1.15648e-09	
7.5558     	8.91022e-11	8.918e-11  	4.35256e-18	-9.01509e-19	6.58525e-20	-9.5561e-11	-0.075079  	0.016453   	1.14557e-09	
7.5852     	8.7191e-11 	8.8205e-11 	4.30454e-18	-8.58035e-19	-1.17126e-19	-9.381e-11 	-0.0742328 	0.0161148  	1.13348e-09	
7.6146     	8.53148e-11	8.69989e-11	4.48058e-18	-8.21144e-19	-7.05357e-20	-9.25895e-11	-0.0733825 	0.0157816  	1.12074e-09	
7.644      	8.3463e-11 	8.60778e-11	4.638e-18  	-7.68645e-19	2.08082e-19	-9.15796e-11	-0.0725281 	0.0154516  	1.10853e-09	
7.6734     	8.16314e-11	8.56717e-11	4.55393e-18	-6.95319e-19	4.84837e-19	-9.02678e-11	-0.07167   	0.0151248  	1.09748e-09	
7.7028     	7.9826e-11 	8.54936e-11	4.25103e-18	-6.18082e-19	5.27111e-19	-8.84673e-11	-0.0708085 	0.0148029  	1.08702e-09	
7.7322     	7.80567e-11	8.50336e-11	3.97414e-18	-5.58709e-19	3.39507e-19	-8.65036e-11	-0.069944  	0.0144874  	1.07597e-09	
7.7616     	7.63266e-11	8.40756e-11	3.94187e-18	-5.21745e-19	1.58803e-19	-8.48821e-11	-0.0690767 	0.0141782  	1.06377e-09	
7.791      	7.4629e-11 	8.29142e-11	4.12513e-18	-4.90008e-19	2.13364e-19	-8.37761e-11	-0.0682068 	0.0138735  	1.05105e-09	
7.8204     	7.29535e-11	8.20528e-11	4.27699e-18	-4.42122e-19	4.91473e-19	-8.28541e-11	-0.0673346 	0.0135718  	1.03898e-09	
7.8498     	7.12964e-11	8.16929e-11	4.18334e-18	-3.7419e-19	7.53635e-19	-8.1618e-11	-0.0664604 	0.0132732  	1.02809e-09	
7.8792     	6.9664e-11 	8.15322e-11	3.87978e-18	-3.03617e-19	7.76003e-19	-7.99078e-11	-0.0655845 	0.0129795  	1.01767e-09	
7.9086     	6.80659e-11	8.10741e-11	3.61522e-18	-2.51335e-19	5.77529e-19	-7.80609e-11	-0.0647071 	0.012692   	1.00659e-09	
7.938      	6.65046e-11	8.01315e-11	3.59911e-18	-2.20559e-19	4.00315e-19	-7.65673e-11	-0.0638287 	0.0124105  	9.94381e-10	
7.9674     	6.49733e-11	7.90136e-11	3.78923e-18	-1.93636e-19	4.63489e-19	-7.55735e-11	-0.0629492 	0.012133   	9.81797e-10	
7.9968     	6.34618e-11	7.82102e-11	3.9349e-18 	-1.50058e-19	7.40817e-19	-7.47362e-11	-0.062069  	0.0118582  	9.69985e-10	
8.0262     	6.19671e-11	7.78939e-11	3.83151e-18	-8.72533e-20	9.87774e-19	-7.3573e-11	-0.0611884 	0.0115864  	9.59327e-10	
8.0556     	6.04956e-11	7.77479e-11	3.528e-18  	-2.30729e-20	9.90212e-19	-7.1951e-11	-0.0603076 	0.0113196  	9.49045e-10	
8.085      	5.90566e-11	7.72901e-11	3.27673e-18	2.2447e-20 	7.8176e-19 	-7.02187e-11	-0.059427  	0.0110588  	9.38008e-10	
8.1144     	5.76522e-11	7.63619e-11	3.27722e-18	4.74208e-20	6.09241e-19	-6.88504e-11	-0.0585467 	0.0108034  	9.25902e-10	
8.1438     	5.62752e-11	7.52872e-11	3.47379e-18	6.99212e-20	6.81651e-19	-6.7965e-11	-0.0576669 	0.0105517  	9.13555e-10	
8.1732     	5.49159e-11	7.45407e-11	3.61252e-18	1.09539e-19	9.57985e-19	-6.72085e-11	-0.0567879 	0.0103024  	9.02082e-10	
8.2026     	5.35718e-11	7.4266e-11 	3.49919e-18	1.67515e-19	1.18935e-18	-6.61148e-11	-0.0559098 	0.0100562  	8.91735e-10	
8.232      	5.22495e-11	7.41326e-11	3.19626e-18	2.25608e-19	1.1722e-18 	-6.45781e-11	-0.0550331 	0.00981467 	8.81651e-10	
8.2614     	5.09579e-11	7.36736e-11	2.95899e-18	2.64724e-19	9.54993e-19	-6.29577e-11	-0.0541579 	0.009579   	8.70742e-10	
8.2908     	4.96987e-11	7.27597e-11	2.9761e-18 	2.843e-19  	7.88561e-19	-6.17108e-11	-0.0532844 	0.00934837 	8.58823e-10	
8.3202     	4.84645e-11	7.1728e-11 	3.17834e-18	3.02769e-19	8.70854e-19	-6.09293e-11	-0.0524128 	0.00912094 	8.46801e-10	
8.3496     	4.72459e-11	7.10371e-11	3.30922e-18	3.38755e-19	1.14595e-18	-6.02489e-11	-0.0515434 	0.00889569 	8.3574e-10 	
8.379      	4.6041e-11 	7.08018e-11	3.18572e-18	3.92185e-19	1.36135e-18	-5.92208e-11	-0.0506762 	0.0086734  	8.25763e-10	
8.4084     	4.48565e-11	7.06788e-11	2.88393e-18	4.44486e-19	1.32497e-18	-5.77666e-11	-0.0498116 	0.00845579 	8.15931e-10	
8.4378     	4.37012e-11	7.02177e-11	2.66135e-18	4.77556e-19	1.10022e-18	-5.6255e-11	-0.0489499 	0.00824371 	8.05215e-10	
8.4672     	4.25761e-11	6.93181e-11	2.69509e-18	4.92139e-19	9.41089e-19	-5.51255e-11	-0.0480911 	0.00803623 	7.93558e-10	
8.4966     	4.14736e-11	6.83294e-11	2.90222e-18	5.06964e-19	1.03364e-18	-5.44426e-11	-0.0472355 	0.00783154 	7.81935e-10	
8.526      	4.03848e-11	6.76931e-11	3.02445e-18	5.39639e-19	1.307e-18  	-5.3833e-11	-0.0463832 	0.0076288  	7.71344e-10	
8.5554     	3.93081e-11	6.74949e-11	2.89076e-18	5.88792e-19	1.50595e-18	-5.28662e-11	-0.0455344 	0.00742895 	7.6178e-10 	
8.5848     	3.82508e-11	6.73802e-11	2.59089e-18	6.35593e-19	1.45073e-18	-5.14912e-11	-0.0446893 	0.00723366 	7.52243e-10	
8.6142     	3.72209e-11	6.69162e-11	2.38374e-18	6.62986e-19	1.21966e-18	-5.00852e-11	-0.0438482 	0.00704361 	7.41774e-10	
8.6436     	3.62192e-11	6.60317e-11	2.43405e-18	6.73003e-19	1.06901e-18	-4.90686e-11	-0.0430112 	0.0068577  	7.30443e-10	
8.673      	3.52379e-11	6.50865e-11	2.64524e-18	6.84594e-19	1.17211e-18	-4.84789e-11	-0.0421784 	0.00667419 	7.19279e-10	
8.7024     	3.42683e-11	6.4504e-11 	2.75804e-18	7.14294e-19	1.44323e-18	-4.79345e-11	-0.04135   	0.00649242 	7.09204e-10	
8.7318     	3.33096e-11	6.43411e-11	2.61415e-18	7.59455e-19	1.62534e-18	-4.70245e-11	-0.0405262 	0.00631347 	7.00086e-10	
8.7612     	3.23691e-11	6.42328e-11	2.31692e-18	8.01061e-19	1.55183e-18	-4.57249e-11	-0.0397072 	0.00613895 	6.90878e-10	
8.7906     	3.14546e-11	6.37655e-11	2.12579e-18	8.23148e-19	1.31579e-18	-4.44205e-11	-0.0388931 	0.00596935 	6.807e-10  	
8.82       	3.05662e-11	6.28965e-11	2.19239e-18	8.29013e-19	1.17482e-18	-4.3512e-11	-0.038084  	0.00580343 	6.6975e-10 	
8.8494     	2.9696e-11 	6.19954e-11	2.40667e-18	8.37758e-19	1.28868e-18	-4.30095e-11	-0.0372802 	0.00563954 	6.59094e-10	
8.8788     	2.88358e-11	6.1466e-11 	2.50921e-18	8.64801e-19	1.55702e-18	-4.25248e-11	-0.0364816 	0.00547722 	6.49569e-10	
8.9082     	2.79853e-11	6.13365e-11	2.35518e-18	9.06244e-19	1.72195e-18	-4.16671e-11	-0.0356886 	0.00531763 	6.40918e-10	
8.9376     	2.71519e-11	6.12332e-11	2.06132e-18	9.42955e-19	1.63079e-18	-4.04394e-11	-0.0349012 	0.00516234 	6.32062e-10	
8.967      	2.63431e-11	6.07623e-11	1.88672e-18	9.60106e-19	1.39113e-18	-3.92327e-11	-0.0341196 	0.00501162 	6.22214e-10	
8.9964     	2.55585e-11	5.99097e-11	1.96926e-18	9.62224e-19	1.26087e-18	-3.84268e-11	-0.0333439 	0.00486415 	6.11688e-10	
9.0258     	2.479e-11  	5.9053e-11 	2.18561e-18	9.68487e-19	1.38554e-18	-3.80055e-11	-0.0325742 	0.00471836 	6.01579e-10	
9.0552     	2.40298e-11	5.85755e-11	2.27717e-18	9.93158e-19	1.65041e-18	-3.75749e-11	-0.0318106 	0.00457397 	5.92625e-10	
9.0846     	2.32783e-11	5.84773e-11	2.11322e-18	1.03113e-18	1.79783e-18	-3.67653e-11	-0.0310533 	0.00443225 	5.84454e-10	
9.114      	2.2543e-11 	5.83774e-11	1.82354e-18	1.06323e-18	1.6897e-18 	-3.56059e-11	-0.0303023 	0.00429466 	5.75967e-10	
9.1434     	2.18309e-11	5.79029e-11	1.66598e-18	1.07581e-18	1.44777e-18	-3.44928e-11	-0.0295579 	0.0041613  	5.66477e-10	
9.1728     	2.11411e-11	5.70675e-11	1.76397e-18	1.07458e-18	1.32919e-18	-3.37843e-11	-0.0288201 	0.00403076 	5.56412e-10	
9.2022     	2.04654e-11	5.62555e-11	1.98134e-18	1.07871e-18	1.46455e-18	-3.3438e-11	-0.0280889 	0.00390157 	5.46877e-10	
9.2316     	1.97966e-11	5.58288e-11	2.06126e-18	1.10128e-18	1.72523e-18	-3.30559e-11	-0.0273645 	0.00377365 	5.38508e-10	
9.261      	1.91355e-11	5.57599e-11	1.88768e-18	1.13602e-18	1.85487e-18	-3.22902e-11	-0.0266469 	0.00364834 	5.3082e-10 	
9.2904     	1.84897e-11	5.5662e-11 	1.60305e-18	1.16381e-18	1.7306e-18 	-3.1196e-11	-0.0259364 	0.00352698 	5.22713e-10	
9.3198     	1.78658e-11	5.51842e-11	1.46292e-18	1.17218e-18	1.48781e-18	-3.01725e-11	-0.025233  	0.0034095  	5.13603e-10	
9.3492     	1.72623e-11	5.43673e-11	1.57578e-18	1.16799e-18	1.38181e-18	-2.95558e-11	-0.0245367 	0.00329443 	5.04028e-10	
9.3786     	1.66712e-11	5.36005e-11	1.79303e-18	1.17033e-18	1.52768e-18	-2.92782e-11	-0.0238475 	0.00318041 	4.95086e-10	
9.408      	1.60857e-11	5.32233e-11	1.86065e-18	1.19105e-18	1.78342e-18	-2.89389e-11	-0.0231657 	0.00306755 	4.87305e-10	
9.4374     	1.55069e-11	5.31815e-11	1.67779e-18	1.22278e-18	1.89506e-18	-2.8213e-11	-0.0224912 	0.00295723 	4.80098e-10	
9.4668     	1.49426e-11	5.30842e-11	1.39905e-18	1.24651e-18	1.75552e-18	-2.71806e-11	-0.0218242 	0.00285069 	4.72374e-10	
9.4962     	1.4399e-11 	5.26032e-11	1.27667e-18	1.25102e-18	1.51327e-18	-2.62429e-11	-0.0211648 	0.00274767 	4.63662e-10	
9.5256     	1.38741e-11	5.1806e-11 	1.40372e-18	1.24425e-18	1.42064e-18	-2.57128e-11	-0.0205129 	0.00264666 	4.54597e-10	
9.555      	1.33599e-11	5.10848e-11	1.61973e-18	1.24512e-18	1.57669e-18	-2.54978e-11	-0.0198686 	0.00254645 	4.4626e-10 	
9.5844     	1.28499e-11	5.07559e-11	1.67449e-18	1.26423e-18	1.82667e-18	-2.51962e-11	-0.0192319 	0.00244729 	4.39063e-10	
9.6138     	1.2346e-11 	5.0739e-11 	1.48279e-18	1.29315e-18	1.92016e-18	-2.45064e-11	-0.018603  	0.00235063 	4.32327e-10	
9.6432     	1.18559e-11	5.0641e-11 	1.21081e-18	1.31308e-18	1.76628e-18	-2.35327e-11	-0.0179819 	0.00225754 	4.24987e-10	
9.6726     	1.13852e-11	5.01573e-11	1.10643e-18	1.31407e-18	1.52591e-18	-2.26767e-11	-0.0173687 	0.00216763 	4.16686e-10	
9.702      	1.09317e-11	4.93809e-11	1.24691e-18	1.30506e-18	1.44731e-18	-2.22276e-11	-0.0167633 	0.00207936 	4.08146e-10	
9.7314     	1.04871e-11	4.87052e-11	1.46055e-18	1.30474e-18	1.61309e-18	-2.20693e-11	-0.0161658 	0.00199165 	4.00416e-10	
9.7608     	1.00458e-11	4.84229e-11	1.50198e-18	1.32244e-18	1.85647e-18	-2.18002e-11	-0.0155761 	0.00190492 	3.93792e-10	
9.7902     	9.60975e-12	4.84287e-11	1.30202e-18	1.34873e-18	1.9317e-18 	-2.1143e-11	-0.0149945 	0.00182062 	3.87515e-10	
9.8196     	9.18689e-12	4.83288e-11	1.03767e-18	1.36512e-18	1.76451e-18	-2.02254e-11	-0.0144209 	0.00173971 	3.80554e-10	
9.849      	8.78238e-12	4.78429e-11	9.51479e-19	1.36291e-18	1.5274e-18 	-1.94475e-11	-0.0138554 	0.00166162 	3.72672e-10	
9.8784     	8.39343e-12	4.70885e-11	1.10453e-18	1.35203e-18	1.4634e-18 	-1.90744e-11	-0.0132979 	0.00158484 	3.64665e-10	
9.9078     	8.01195e-12	4.64588e-11	1.31464e-18	1.35079e-18	1.63838e-18	-1.89667e-11	-0.0127484 	0.00150841 	3.57539e-10	
9.9372     	7.63261e-12	4.62216e-11	1.34232e-18	1.36727e-18	1.87433e-18	-1.87253e-11	-0.012207  	0.0014329  	3.51472e-10	
9.9666     	7.25811e-12	4.62478e-11	1.13467e-18	1.39111e-18	1.93127e-18	-1.80975e-11	-0.0116737 	0.00135977 	3.45636e-10	
9.996      	6.89616e-12	4.61446e-11	8.7881e-19 	1.40418e-18	1.75183e-18	-1.72331e-11	-0.0111486 	0.00128982 	3.39049e-10	
10.0254    	6.5515e-12 	4.5657e-11 	8.10889e-19	1.39908e-18	1.51929e-18	-1.65297e-11	-0.0106315 	0.00122236 	3.31591e-10	
10.0548    	6.2209e-12 	4.49255e-11	9.756e-19  	1.38662e-18	1.47035e-18	-1.62273e-11	-0.0101226 	0.00115587 	3.24121e-10	
10.0842    	5.89635e-12	4.43416e-11	1.18107e-18	1.38471e-18	1.6539e-18 	-1.6165e-11	-0.00962179	0.00108957 	3.1759e-10 	
10.1136    	5.57305e-12	4.41478e-11	1.1947e-18 	1.40014e-18	1.88159e-18	-1.59469e-11	-0.00912906	0.00102416 	3.1206e-10 	
10.143     	5.25412e-12	4.41921e-11	9.80048e-19	1.42167e-18	1.9203e-18 	-1.53455e-11	-0.00864446	0.000961072	3.06643e-10	
10.1724    	4.94721e-12	4.40846e-11	7.33497e-19	1.43165e-18	1.72971e-18	-1.45319e-11	-0.00816801	0.000900954	3.00421e-10	
10.2018    	4.65657e-12	4.35957e-11	6.83831e-19	1.42395e-18	1.50299e-18	-1.38994e-11	-0.00769969	0.000842993	2.93388e-10	
10.2312    	4.37858e-12	4.28881e-11	8.59218e-19	1.41021e-18	1.46943e-18	-1.36627e-11	-0.00723944	0.000785716	2.86454e-10	
10.2606    	4.10532e-12	4.23497e-11	1.05896e-18	1.40785e-18	1.66081e-18	-1.36404e-11	-0.00678723	0.000728487	2.80503e-10	
10.29      	3.83252e-12	4.21973e-11	1.05834e-18	1.42236e-18	1.87941e-18	-1.34416e-11	-0.00634305	0.000672123	2.75485e-10	
10.3194    	3.56368e-12	4.22576e-11	8.37446e-19	1.44174e-18	1.90002e-18	-1.28643e-11	-0.00590695	0.000618018	2.70467e-10	
10.3488    	3.3064e-12 	4.21451e-11	6.01034e-19	1.44884e-18	1.69947e-18	-1.20992e-11	-0.0054789 	0.000566677	2.646e-10  	
10.3782    	3.06441e-12	4.16557e-11	5.69532e-19	1.43884e-18	1.47977e-18	-1.15342e-11	-0.00505888	0.000517177	2.5799e-10 	
10.4076    	2.83373e-12	4.09731e-11	7.54552e-19	1.4241e-18 	1.46179e-18	-1.13582e-11	-0.0046468 	0.000468097	2.51586e-10	
10.437     	2.60657e-12	4.04798e-11	9.47512e-19	1.42149e-18	1.66017e-18	-1.13706e-11	-0.00424263	0.000418953	2.46199e-10	
10.4664    	2.37915e-12	4.03668e-11	9.32509e-19	1.4352e-18 	1.86886e-18	-1.11872e-11	-0.00384636	0.000370666	2.41665e-10	
10.4958    	2.15541e-12	4.04405e-11	7.06188e-19	1.45254e-18	1.8716e-18 	-1.06315e-11	-0.003458  	0.000324576	2.37021e-10	
10.5252    	1.94278e-12	4.03216e-11	4.80699e-19	1.45696e-18	1.6623e-18 	-9.91301e-12	-0.00307754	0.000281038	2.31497e-10	
10.5546    	1.74452e-12	3.98322e-11	4.67178e-19	1.44491e-18	1.45079e-18	-9.41208e-12	-0.00270489	0.00023904 	2.25307e-10	
10.584     	1.55628e-12	3.91754e-11	6.6073e-19 	1.42941e-18	1.44852e-18	-9.29215e-12	-0.00234   	0.000197222	2.19425e-10	
10.6134    	1.37044e-12	3.87266e-11	8.45877e-19	1.42671e-18	1.65305e-18	-9.33477e-12	-0.00198281	0.000155258	2.14578e-10	
10.6428    	1.18374e-12	3.86509e-11	8.16459e-19	1.43973e-18	1.85105e-18	-9.16363e-12	-0.0016333 	0.000114155	2.10499e-10	
10.6722    	1.00047e-12	3.87359e-11	5.85573e-19	1.45516e-18	1.83617e-18	-8.62791e-12	-0.00129147	7.51846e-05	2.06205e-10	
10.7016    	8.27909e-13	3.86101e-11	3.71756e-19	1.4571e-18 	1.61934e-18	-7.95427e-12	-0.000957288	3.85552e-05	2.01013e-10	
10.731     	6.68824e-13	3.81217e-11	3.7596e-19 	1.44327e-18	1.4171e-18 	-7.51424e-12	-0.000630671	3.1781e-06 	1.95237e-10	
10.7604    	5.18539e-13	3.74915e-11	5.76922e-19	1.42726e-18	1.43051e-18	-7.44563e-12	-0.000311534	-3.22265e-05	1.89865e-10	
10.7898    	3.69626e-13	3.70866e-11	7.53298e-19	1.42462e-18	1.64024e-18	-7.51359e-12	1.78152e-07	-6.78362e-05	1.85534e-10	
10.8192    	2.19355e-13	3.70457e-11	7.09539e-19	1.43703e-18	1.8268e-18 	-7.3514e-12	0.000304489	-0.000102574	1.81878e-10	
10.8486    	7.23265e-14	3.71395e-11	4.75009e-19	1.45063e-18	1.79468e-18	-6.83394e-12	0.000601414	-0.000135245	1.7791e-10 	
10.878     	-6.43523e-14	3.70059e-11	2.73578e-19	1.45026e-18	1.57156e-18	-6.20357e-12	0.000891005	-0.000165786	1.73036e-10	
10.9074    	-1.88424e-13	3.65191e-11	2.9517e-19 	1.43489e-18	1.37961e-18	-5.82156e-12	0.00117335 	-0.000195343	1.67668e-10	
10.9368    	-3.04855e-13	3.59163e-11	5.02379e-19	1.41858e-18	1.40858e-18	-5.80004e-12	0.00144854 	-0.000225108	1.6279e-10 	
10.9662    	-4.20856e-13	3.55544e-11	6.69059e-19	1.41614e-18	1.62254e-18	-5.88919e-12	0.00171664 	-0.000255114	1.58948e-10	
10.9956    	-5.3864e-13	3.55461e-11	6.11091e-19	1.428e-18  	1.79697e-18	-5.7332e-12	0.00197767 	-0.000284229	1.55684e-10	
11.025     	-6.53304e-13	3.56465e-11	3.73839e-19	1.43987e-18	1.74804e-18	-5.23258e-12	0.00223167 	-0.00031135	1.52017e-10	
11.0544    	-7.57955e-13	3.55044e-11	1.85441e-19	1.43737e-18	1.51989e-18	-4.64389e-12	0.0024787  	-0.000336549	1.47451e-10	
11.0838    	-8.50833e-13	3.50199e-11	2.24014e-19	1.42067e-18	1.33914e-18	-4.31686e-12	0.00271885 	-0.000361015	1.42481e-10	
11.1132    	-9.3717e-13	3.4445e-11 	4.36313e-19	1.40426e-18	1.38347e-18	-4.33814e-12	0.00295222 	-0.000385842	1.3808e-10 	
11.1426    	-1.02393e-12	3.4125e-11 	5.92472e-19	1.40213e-18	1.60065e-18	-4.44447e-12	0.00317887 	-0.000410924	1.34697e-10	
11.172     	-1.11282e-12	3.41469e-11	5.20542e-19	1.4135e-18 	1.76231e-18	-4.29225e-12	0.00339885 	-0.000435092	1.31793e-10	
11.2014    	-1.19867e-12	3.42518e-11	2.81535e-19	1.42371e-18	1.69708e-18	-3.80736e-12	0.00361219 	-0.000457339	1.28405e-10	
11.2308    	-1.27481e-12	3.41006e-11	1.06761e-19	1.41924e-18	1.46516e-18	-3.25906e-12	0.00381896 	-0.00047787	1.24133e-10	
11.2602    	-1.34e-12  	3.36192e-11	1.61818e-19	1.40143e-18	1.29645e-18	-2.98426e-12	0.00401926 	-0.000497899	1.19551e-10	
11.2896    	-1.39968e-12	3.30728e-11	3.78027e-19	1.38511e-18	1.3558e-18 	-3.0444e-12	0.0042132  	-0.000518414	1.15609e-10	
11.319     	-1.46057e-12	3.27937e-11	5.22896e-19	1.38337e-18	1.57517e-18	-3.1643e-12	0.00440084 	-0.000539182	1.12654e-10	
11.3484    	-1.52386e-12	3.28434e-11	4.37327e-19	1.39428e-18	1.72348e-18	-3.01378e-12	0.00458222 	-0.00055901	1.10079e-10	
11.3778    	-1.58413e-12	3.29506e-11	1.97535e-19	1.40292e-18	1.64253e-18	-2.54371e-12	0.00475739 	-0.000576996	1.06946e-10	
11.4072    	-1.63501e-12	3.27898e-11	3.69018e-20	1.39663e-18	1.40809e-18	-2.03452e-12	0.00492643 	-0.000593467	1.02958e-10	
11.4366    	-1.6757e-12	3.23122e-11	1.07869e-19	1.37791e-18	1.25216e-18	-1.80914e-12	0.00508944 	-0.000609649	9.8753e-11 	
11.466     	-1.71188e-12	3.17945e-11	3.26801e-19	1.36182e-18	1.32612e-18	-1.90423e-12	0.00524653 	-0.000626419	9.5248e-11 	
11.4954    	-1.74996e-12	3.15551e-11	4.59696e-19	1.36055e-18	1.54663e-18	-2.0343e-12	0.00539778 	-0.00064342	9.26912e-11	
11.5248    	-1.79065e-12	3.163e-11  	3.60906e-19	1.37104e-18	1.68108e-18	-1.88368e-12	0.0055432  	-0.000659455	9.04122e-11	
11.5542    	-1.82832e-12	3.17377e-11	1.21334e-19	1.37817e-18	1.58507e-18	-1.42776e-12	0.00568288 	-0.000673731	8.75147e-11	
11.5836    	-1.85688e-12	3.1567e-11 	-2.4685e-20	1.37022e-18	1.34936e-18	-9.56476e-13	0.00581688 	-0.000686689	8.37981e-11	
11.613     	-1.87601e-12	3.10941e-11	6.15607e-20	1.35078e-18	1.20687e-18	-7.77707e-13	0.00594532 	-0.00069955	7.99586e-11	
11.6424    	-1.89156e-12	3.06054e-11	2.82034e-19	1.33506e-18	1.29493e-18	-9.03917e-13	0.0060683  	-0.000713076	7.68683e-11	
11.6718    	-1.90964e-12	3.04042e-11	4.02335e-19	1.33431e-18	1.51551e-18	-1.04093e-12	0.0061859  	-0.000726801	7.4678e-11 	
11.7012    	-1.93046e-12	3.05018e-11	2.90803e-19	1.34439e-18	1.63567e-18	-8.88724e-13	0.00629815 	-0.000739533	7.26661e-11	
11.7306    	-1.94823e-12	3.06079e-11	5.24441e-20	1.35008e-18	1.5253e-18 	-4.46622e-13	0.00640512 	-0.000750593	6.99844e-11	
11.76      	-1.95717e-12	3.04271e-11	-7.85607e-20	1.34061e-18	1.28953e-18	-1.24297e-14	0.00650689 	-0.000760523	6.65288e-11	
11.7894    	-1.95741e-12	2.99598e-11	2.22707e-20	1.32063e-18	1.16105e-18	1.22134e-13	0.00660358 	-0.00077053	6.30412e-11	
11.8188    	-1.95497e-12	2.95004e-11	2.43116e-19	1.30541e-18	1.26264e-18	-3.17305e-14	0.00669529 	-0.000781255	6.03419e-11	
11.8482    	-1.95561e-12	2.93359e-11	3.50276e-19	1.30522e-18	1.48224e-18	-1.72765e-13	0.00678208 	-0.000792136	5.84866e-11	
11.8776    	-1.95906e-12	2.94537e-11	2.26543e-19	1.3149e-18 	1.58772e-18	-1.75762e-14	0.00686401 	-0.000801999	5.67133e-11	
11.907     	-1.95941e-12	2.95562e-11	-9.62145e-21	1.31919e-18	1.46375e-18	4.11143e-13	0.00694114 	-0.000810282	5.42294e-11	
11.9364    	-1.95119e-12	2.93649e-11	-1.25277e-19	1.30832e-18	1.22911e-18	8.09258e-13	0.00701355 	-0.000817615	5.10243e-11	
11.9658    	-1.935e-12 	2.89039e-11	-1.05923e-20	1.28796e-18	1.11512e-18	9.02097e-13	0.00708137 	-0.000825178	4.78748e-11	
11.9952    	-1.91696e-12	2.84738e-11	2.095e-19  	1.27335e-18	1.22959e-18	7.23845e-13	0.0071447  	-0.000833496	4.55421e-11	
12.0246    	-1.90249e-12	2.83444e-11	3.03075e-19	1.27375e-18	1.44719e-18	5.81309e-13	0.00720359 	-0.000841915	4.39907e-11	
12.054     	-1.89086e-12	2.84801e-11	1.67752e-19	1.28304e-18	1.5377e-18 	7.40448e-13	0.00725809 	-0.000849296	4.24292e-11	
12.0834    	-1.87605e-12	2.85775e-11	-6.52561e-20	1.28599e-18	1.40094e-18	1.15598e-12	0.00730827 	-0.000855191	4.0127e-11 	
12.1128    	-1.85293e-12	2.83758e-11	-1.65316e-19	1.27387e-18	1.16857e-18	1.51901e-12	0.00735423 	-0.00086031	3.71625e-11	
12.1422    	-1.82255e-12	2.79218e-11	-3.75776e-20	1.25327e-18	1.06945e-18	1.57268e-12	0.00739607 	-0.000865793	3.43367e-11	
12.1716    	-1.7911e-12	2.7521e-11 	1.8065e-19 	1.23937e-18	1.19609e-18	1.37334e-12	0.0074339  	-0.000872045	3.2346e-11 	
12.201     	-1.76363e-12	2.74252e-11	2.60271e-19	1.24038e-18	1.41067e-18	1.23177e-12	0.00746778 	-0.000878342	3.10685e-11	
12.2304    	-1.739e-12 	2.75762e-11	1.14021e-19	1.24927e-18	1.48602e-18	1.39573e-12	0.00749774 	-0.000883583	2.96938e-11	
12.2598    	-1.71108e-12	2.76669e-11	-1.14899e-19	1.25093e-18	1.33733e-18	1.7982e-12 	0.00752387 	-0.000887435	2.75586e-11	
12.2892    	-1.67512e-12	2.74548e-11	-1.99199e-19	1.23768e-18	1.10836e-18	2.12709e-12	0.00754625 	-0.000890675	2.48251e-11	
12.3186    	-1.63257e-12	2.70087e-11	-5.92611e-20	1.21699e-18	1.02438e-18	2.14406e-12	0.00756499 	-0.000894393	2.23079e-11	
12.348     	-1.58969e-12	2.66371e-11	1.56024e-19	1.20387e-18	1.1624e-18 	1.9267e-12 	0.0075802  	-0.00089888	2.06342e-11	
12.3774    	-1.55116e-12	2.6573e-11 	2.21415e-19	1.20549e-18	1.37297e-18	1.78818e-12	0.00759191 	-0.000903347	1.96014e-11	
12.4068    	-1.5154e-12	2.6737e-11 	6.49799e-20	1.21396e-18	1.433e-18  	1.95745e-12	0.00760019 	-0.000906747	1.83905e-11	
12.4362    	-1.47625e-12	2.68195e-11	-1.58916e-19	1.21439e-18	1.27329e-18	2.3467e-12 	0.0076051  	-0.000908859	1.64092e-11	
12.4656    	-1.42931e-12	2.65972e-11	-2.27342e-19	1.20013e-18	1.04879e-18	2.64224e-12	0.00760673 	-0.000910513	1.38971e-11	
12.495     	-1.37647e-12	2.61597e-11	-7.60881e-20	1.17948e-18	9.80163e-19	2.62483e-12	0.00760519 	-0.000912741	1.16729e-11	
12.5244    	-1.32397e-12	2.58171e-11	1.3521e-19 	1.16721e-18	1.12874e-18	2.39239e-12	0.00760058 	-0.000915724	1.02911e-11	
12.5538    	-1.27612e-12	2.5783e-11 	1.86167e-19	1.16944e-18	1.33434e-18	2.25889e-12	0.00759293 	-0.00091862	9.47536e-12	
12.5832    	-1.23095e-12	2.59576e-11	2.03207e-20	1.17748e-18	1.37897e-18	2.43388e-12	0.0075823  	-0.000920444	8.40732e-12	
12.6126    	-1.18227e-12	2.60306e-11	-1.97651e-19	1.17672e-18	1.20917e-18	2.80974e-12	0.00756875 	-0.00092108	6.56861e-12	
12.642     	-1.12607e-12	2.57983e-11	-2.50154e-19	1.16156e-18	9.90163e-19	3.0727e-12 	0.00755238 	-0.000921403	4.26885e-12	
12.6714    	-1.06462e-12	2.53704e-11	-8.85014e-20	1.14109e-18	9.37018e-19	3.02316e-12	0.0075333  	-0.000922379	2.32158e-12	
12.7008    	-1.00416e-12	2.50566e-11	1.178e-19  	1.12973e-18	1.09531e-18	2.77838e-12	0.00751157 	-0.000924083	1.20681e-12	
12.7302    	-9.48588e-13	2.50507e-11	1.54176e-19	1.13255e-18	1.29502e-18	2.65168e-12	0.00748726 	-0.000925634	5.81706e-13	
12.7596    	-8.95555e-13	2.52336e-11	-2.0291e-20	1.14014e-18	1.32425e-18	2.83276e-12	0.00746039 	-0.000926112	-3.62315e-13	
12.789     	-8.38899e-13	2.5296e-11 	-2.31493e-19	1.13824e-18	1.14529e-18	3.1952e-12 	0.00743105 	-0.000925505	-2.06861e-12	
12.8184    	-7.74995e-13	2.5054e-11 	-2.68108e-19	1.1223e-18 	9.32748e-19	3.42659e-12	0.00739932 	-0.000924718	-4.16493e-12	
12.8478    	-7.06464e-13	2.46361e-11	-9.69944e-20	1.10209e-18	8.9512e-19 	3.34736e-12	0.0073653  	-0.000924648	-5.85156e-12	
12.8772    	-6.39516e-13	2.43507e-11	1.03362e-19	1.09169e-18	1.06224e-18	3.09297e-12	0.00732907 	-0.000925267	-6.72367e-12	
12.9066    	-5.77657e-13	2.43712e-11	1.25108e-19	1.09508e-18	1.2552e-18 	2.97463e-12	0.00729066 	-0.000925667	-7.18274e-12	
12.936     	-5.18164e-13	2.45603e-11	-5.71393e-20	1.10221e-18	1.2691e-18 	3.16185e-12	0.00725012 	-0.000925001	-8.01954e-12	
12.9654    	-4.54927e-13	2.46109e-11	-2.60754e-19	1.0992e-18 	1.08196e-18	3.51049e-12	0.00720752 	-0.000923352	-9.6023e-12	
12.9948    	-3.84717e-13	2.43597e-11	-2.81568e-19	1.08259e-18	8.76786e-19	3.71096e-12	0.00716294 	-0.000921646	-1.15041e-11	
13.0242    	-3.10498e-13	2.39527e-11	-1.01948e-19	1.06276e-18	8.54627e-19	3.60402e-12	0.00711648 	-0.000920705	-1.29466e-11	
13.0536    	-2.38418e-13	2.36954e-11	9.15688e-20	1.05334e-18	1.02965e-18	3.34225e-12	0.00706819 	-0.000920405	-1.35998e-11	
13.083     	-1.71573e-13	2.37405e-11	9.87058e-20	1.05729e-18	1.21504e-18	3.23345e-12	0.00701813 	-0.000919823	-1.39158e-11	
13.1124    	-1.06904e-13	2.39338e-11	-9.04619e-20	1.06393e-18	1.21376e-18	3.42671e-12	0.00696633 	-0.000918187	-1.46603e-11	
13.1418    	-3.83696e-14	2.39718e-11	-2.85729e-19	1.05988e-18	1.01943e-18	3.76141e-12	0.00691285 	-0.000915669	-1.61274e-11	
13.1712    	3.68587e-14	2.37119e-11	-2.90917e-19	1.0427e-18 	8.2247e-19 	3.93208e-12	0.00685779 	-0.000913208	-1.78434e-11	
13.2006    	1.155e-13  	2.33165e-11	-1.0378e-19	1.02334e-18	8.15649e-19	3.79994e-12	0.00680122 	-0.000911543	-1.90585e-11	
13.23      	1.91499e-13	2.30865e-11	8.20437e-20	1.01493e-18	9.97625e-19	3.53342e-12	0.0067432  	-0.000910466	-1.95158e-11	
13.2594    	2.62167e-13	2.31542e-11	7.46708e-20	1.01938e-18	1.17465e-18	3.43545e-12	0.00668377 	-0.000909046	-1.97097e-11	
13.2888    	3.30876e-13	2.33495e-11	-1.20515e-19	1.02551e-18	1.1584e-18 	3.63453e-12	0.00662296 	-0.00090659	-2.03747e-11	
13.3182    	4.03567e-13	2.33742e-11	-3.06687e-19	1.02045e-18	9.57895e-19	3.95479e-12	0.00656084 	-0.000903354	-2.17329e-11	
13.3476    	4.82663e-13	2.31063e-11	-2.96456e-19	1.00281e-18	7.6997e-19 	4.09631e-12	0.00649749 	-0.000900276	-2.32721e-11	
13.377     	5.64589e-13	2.27233e-11	-1.02793e-19	9.84016e-19	7.78323e-19	3.94099e-12	0.00643298 	-0.000898016	-2.42765e-11	
13.4064    	6.43409e-13	2.25203e-11	7.45206e-20	9.76632e-19	9.66308e-19	3.67195e-12	0.00636738 	-0.000896285	-2.45596e-11	
13.4358    	7.16848e-13	2.26088e-11	5.27658e-20	9.81556e-19	1.13425e-18	3.58591e-12	0.00630069 	-0.000894155	-2.46505e-11	
13.4652    	7.88566e-13	2.28042e-11	-1.47561e-19	9.87145e-19	1.10327e-18	3.79065e-12	0.00623297 	-0.000891013	-2.52472e-11	
13.4946    	8.64379e-13	2.28147e-11	-3.23967e-19	9.81128e-19	8.97566e-19	4.09618e-12	0.00616427 	-0.000887189	-2.65025e-11	
13.524     	9.46303e-13	2.25394e-11	-2.98586e-19	9.6312e-19 	7.19417e-19	4.2094e-12 	0.00609466 	-0.000883615	-2.7874e-11	
13.5534    	1.03049e-12	2.21695e-11	-9.93779e-20	9.44964e-19	7.42702e-19	4.0329e-12 	0.00602422 	-0.000880866	-2.86841e-11	
13.5828    	1.11115e-12	2.1993e-11 	6.86896e-20	9.38623e-19	9.3574e-19 	3.76336e-12	0.00595299 	-0.000878584	-2.88139e-11	
13.6122    	1.18642e-12	2.21006e-11	3.27689e-20	9.43984e-19	1.09392e-18	3.69013e-12	0.005881   	-0.00087585	-2.8819e-11	
13.6416    	1.26022e-12	2.22944e-11	-1.71795e-19	9.49018e-19	1.04851e-18	3.9003e-12 	0.00580827 	-0.000872133	-2.93567e-11	
13.671     	1.33822e-12	2.22904e-11	-3.37802e-19	9.42086e-19	8.38594e-19	4.19095e-12	0.00573487 	-0.000867831	-3.05146e-11	
13.7004    	1.42204e-12	2.20082e-11	-2.97589e-19	9.23798e-19	6.70892e-19	4.27686e-12	0.00566086 	-0.000863858	-3.17274e-11	
13.7298    	1.50758e-12	2.16519e-11	-9.38114e-20	9.06349e-19	7.08807e-19	4.08123e-12	0.00558631 	-0.000860709	-3.23598e-11	
13.7592    	1.58921e-12	2.15012e-11	6.43343e-20	9.01049e-19	9.05955e-19	3.81305e-12	0.00551126 	-0.000857962	-3.2356e-11	
13.7886    	1.66547e-12	2.16261e-11	1.4518e-20 	9.06799e-19	1.05376e-18	3.7532e-12 	0.00543572 	-0.000854718	-3.22906e-11	
13.818     	1.74053e-12	2.18166e-11	-1.93388e-19	9.11258e-19	9.94287e-19	3.96827e-12	0.00535973 	-0.000850525	-3.27772e-11	
13.8474    	1.8199e-12 	2.17976e-11	-3.48435e-19	9.03457e-19	7.81133e-19	4.24368e-12	0.00528333 	-0.00084584	-3.38427e-11	
13.8768    	1.90477e-12	2.15092e-11	-2.93779e-19	8.84976e-19	6.24486e-19	4.30321e-12	0.00520659 	-0.000841553	-3.49059e-11	
13.9062    	1.99083e-12	2.1167e-11 	-8.64189e-20	8.6829e-19 	6.76675e-19	4.09048e-12	0.00512958 	-0.00083808	-3.53766e-11	
13.9356    	2.07264e-12	2.10413e-11	6.11814e-20	8.6402e-19 	8.76996e-19	3.82545e-12	0.00505231 	-0.000834942	-3.52572e-11	
13.965     	2.14915e-12	2.11818e-11	-2.20113e-21	8.70115e-19	1.01389e-18	3.77947e-12	0.00497481 	-0.000831267	-3.51347e-11	
13.9944    	2.22474e-12	2.13676e-11	-2.12546e-19	8.73987e-19	9.40776e-19	3.9989e-12 	0.0048971  	-0.000826682	-3.55769e-11	
14.0238    	2.30472e-12	2.13335e-11	-3.56118e-19	8.65374e-19	7.25347e-19	4.25879e-12	0.00481922 	-0.000821694	-3.65545e-11	
14.0532    	2.3899e-12 	2.104e-11  	-2.87453e-19	8.46795e-19	5.80288e-19	4.29299e-12	0.00474125 	-0.000817166	-3.74776e-11	
14.0826    	2.47576e-12	2.07126e-11	-7.74883e-20	8.30934e-19	6.46313e-19	4.06523e-12	0.00466323 	-0.000813432	-3.78022e-11	
14.112     	2.55706e-12	2.06112e-11	5.90058e-20	8.27683e-19	8.48851e-19	3.80515e-12	0.00458518 	-0.000809967	-3.75843e-11	
14.1414    	2.63316e-12	2.07654e-11	-1.75504e-20	8.34072e-19	9.74341e-19	3.77353e-12	0.00450712 	-0.00080593	-3.74163e-11	
14.1708    	2.70863e-12	2.0945e-11 	-2.29421e-19	8.37336e-19	8.88065e-19	3.99673e-12	0.00442906 	-0.000801025	-3.78194e-11	
14.2002    	2.78857e-12	2.08958e-11	-3.61044e-19	8.27961e-19	6.71344e-19	4.2408e-12 	0.00435105 	-0.000795802	-3.87135e-11	
14.2296    	2.87338e-12	2.0598e-11 	-2.78852e-19	8.09367e-19	5.38376e-19	4.25067e-12	0.00427316 	-0.000791089	-3.95058e-11	
14.259     	2.9584e-12 	2.02859e-11	-6.72681e-20	7.94379e-19	6.17762e-19	4.00992e-12	0.00419542 	-0.000787146	-3.96994e-11	
14.2884    	3.0386e-12 	2.02079e-11	5.75877e-20	7.92125e-19	8.21558e-19	3.75659e-12	0.00411784 	-0.000783408	-3.93982e-11	
14.3178    	3.11373e-12	2.0374e-11 	-3.17244e-20	7.98746e-19	9.35171e-19	3.73986e-12	0.00404044 	-0.000779068	-3.91947e-11	
14.3472    	3.18852e-12	2.05458e-11	-2.44217e-19	8.01374e-19	8.36227e-19	3.96633e-12	0.00396323 	-0.000773905	-3.95629e-11	
14.3766    	3.26785e-12	2.0481e-11 	-3.63445e-19	7.91274e-19	6.19172e-19	4.19422e-12	0.00388626 	-0.000768505	-4.03777e-11	
14.406     	3.35174e-12	2.01797e-11	-2.68207e-19	7.7274e-19 	4.98758e-19	4.18042e-12	0.00380958 	-0.000763656	-4.10488e-11	
14.4354    	3.43534e-12	1.98835e-11	-5.59337e-20	7.58673e-19	5.91034e-19	3.92808e-12	0.00373322 	-0.000759548	-4.11261e-11	
14.4648    	3.51391e-12	1.98286e-11	5.68329e-20	7.57408e-19	7.95184e-19	3.68252e-12	0.0036572  	-0.000755582	-4.07556e-11	
14.4942    	3.58756e-12	2.00052e-11	-4.47827e-20	7.64231e-19	8.96524e-19	3.68068e-12	0.00358151 	-0.000750992	-4.05251e-11	
14.5236    	3.66117e-12	2.01683e-11	-2.57046e-19	7.66223e-19	7.85426e-19	3.90992e-12	0.00350618 	-0.000745627	-4.08621e-11	
14.553     	3.73937e-12	2.00883e-11	-3.63548e-19	7.55452e-19	5.68931e-19	4.12181e-12	0.00343124 	-0.000740098	-4.16018e-11	
14.5824    	3.8218e-12 	1.97842e-11	-2.55834e-19	7.37044e-19	4.61424e-19	4.08586e-12	0.00335674 	-0.000735155	-4.21612e-11	
14.6118    	3.90352e-12	1.9504e-11 	-4.38039e-20	7.23919e-19	5.6603e-19 	3.82406e-12	0.00328271 	-0.000730917	-4.21358e-11	
14.6412    	3.98e-12   	1.94709e-11	5.64984e-20	7.23603e-19	7.69631e-19	3.58768e-12	0.00320915 	-0.000726762	-4.17086e-11	
14.6706    	4.05176e-12	1.96563e-11	-5.68751e-20	7.30571e-19	8.58373e-19	3.60061e-12	0.00313607 	-0.000721966	-4.1458e-11	
14.7       	4.12377e-12	1.98099e-11	-2.68011e-19	7.31923e-19	7.35717e-19	3.83165e-12	0.00306347 	-0.000716444	-4.17667e-11	
14.7294    	4.2004e-12 	1.9715e-11 	-3.61462e-19	7.20545e-19	5.20707e-19	4.02715e-12	0.0029914  	-0.000710829	-4.24356e-11	
14.7588    	4.28094e-12	1.94093e-11	-2.41875e-19	7.02348e-19	4.26436e-19	3.97002e-12	0.00291989 	-0.000705824	-4.28927e-11	
14.7882    	4.36034e-12	1.91456e-11	-3.10337e-20	6.902e-19  	5.42784e-19	3.70064e-12	0.00284897 	-0.000701488	-4.27773e-11	
14.8176    	4.43436e-12	1.91334e-11	5.64357e-20	6.90795e-19	7.44932e-19	3.4748e-12 	0.00277864 	-0.000697179	-4.23042e-11	
14.847     	4.50385e-12	1.9326e-11 	-6.81533e-20	6.97848e-19	8.20774e-19	3.5026e-12 	0.00270889 	-0.000692217	-4.20392e-11	
14.8764    	4.57391e-12	1.94686e-11	-2.77297e-19	6.98538e-19	6.87165e-19	3.73472e-12	0.00263973 	-0.000686579	-4.23222e-11	
14.9058    	4.6486e-12 	1.9359e-11 	-3.57417e-19	6.86597e-19	4.74538e-19	3.91356e-12	0.0025712  	-0.000680914	-4.29249e-11	
14.9352    	4.72687e-12	1.90527e-11	-2.26568e-19	6.68676e-19	3.9379e-19 	3.8362e-12 	0.00250334 	-0.000675879	-4.3289e-11	
14.9646    	4.8036e-12 	1.88059e-11	-1.78215e-20	6.57532e-19	5.21272e-19	3.5608e-12 	0.00243616 	-0.000671471	-4.30956e-11	
14.994     	4.87481e-12	1.88138e-11	5.65118e-20	6.59009e-19	7.2109e-19 	3.34653e-12	0.00236966 	-0.000667036	-4.25859e-11	
15.0234    	4.94174e-12	1.9012e-11 	-7.87132e-20	6.66099e-19	7.83773e-19	3.38906e-12	0.00230383 	-0.000661941	-4.2311e-11	
15.0528    	5.00952e-12	1.9143e-11 	-2.85017e-19	6.66125e-19	6.39822e-19	3.62161e-12	0.00223867 	-0.000656219	-4.25703e-11	
15.0822    	5.08195e-12	1.9019e-11 	-3.51575e-19	6.53672e-19	4.3043e-19 	3.78384e-12	0.00217423 	-0.000650531	-4.31115e-11	
15.1116    	5.15763e-12	1.87129e-11	-2.10102e-19	6.36091e-19	3.63421e-19	3.68755e-12	0.00211053 	-0.000645488	-4.33921e-11	
15.141     	5.23138e-12	1.84832e-11	-4.32535e-21	6.25965e-19	5.01398e-19	3.40797e-12	0.00204758 	-0.00064103	-4.31318e-11	
15.1704    	5.29954e-12	1.85102e-11	5.6629e-20 	6.28276e-19	6.98037e-19	3.20635e-12	0.00198538 	-0.000636497	-4.25939e-11	
15.1998    	5.36367e-12	1.87126e-11	-8.86148e-20	6.35349e-19	7.47371e-19	3.26333e-12	0.00192391 	-0.000631302	-4.23124e-11	
15.2292    	5.42894e-12	1.88311e-11	-2.91248e-19	6.34707e-19	5.93744e-19	3.49537e-12	0.00186318 	-0.000625531	-4.25498e-11	
15.2586    	5.49884e-12	1.86933e-11	-3.44063e-19	6.21802e-19	3.8844e-19 	3.64069e-12	0.00180323 	-0.000619846	-4.30339e-11	
15.288     	5.57166e-12	1.83886e-11	-1.92639e-19	6.0463e-19 	3.35357e-19	3.52639e-12	0.00174407 	-0.000614814	-4.32396e-11	
15.3174    	5.64218e-12	1.81765e-11	9.29582e-21	5.95543e-19	4.83169e-19	3.24422e-12	0.00168571 	-0.000610325	-4.29224e-11	
15.3468    	5.70707e-12	1.82216e-11	5.66557e-20	5.98651e-19	6.75802e-19	3.05629e-12	0.00162815 	-0.000605716	-4.2363e-11	
15.3762    	5.76819e-12	1.84267e-11	-9.79832e-20	6.05653e-19	7.11633e-19	3.12766e-12	0.00157137 	-0.000600448	-4.20779e-11	
15.4056    	5.83075e-12	1.8532e-11 	-2.96149e-19	6.04333e-19	5.49004e-19	3.35861e-12	0.00151537 	-0.000594653	-4.22952e-11	
15.435     	5.89792e-12	1.83807e-11	-3.35083e-19	5.9102e-19 	3.48602e-19	3.487e-12  	0.00146019 	-0.000588996	-4.27273e-11	
15.4644    	5.96766e-12	1.80782e-11	-1.74389e-19	5.7431e-19 	3.0957e-19 	3.35569e-12	0.00140584 	-0.000583992	-4.28667e-11	
15.4938    	6.03477e-12	1.78839e-11	2.28864e-20	5.66272e-19	4.66522e-19	3.07223e-12	0.00135232 	-0.00057949	-4.25014e-11	
15.5232    	6.09622e-12	1.79464e-11	5.6514e-20 	5.70137e-19	6.54334e-19	2.89856e-12	0.00129963 	-0.000574825	-4.1926e-11	
15.5526    	6.15419e-12	1.81529e-11	-1.06854e-19	5.77026e-19	6.76541e-19	2.98384e-12	0.00124774 	-0.000569506	-4.16393e-11	
15.582     	6.21387e-12	1.82445e-11	-2.99778e-19	5.75031e-19	5.05593e-19	3.21296e-12	0.00119666 	-0.000563709	-4.18387e-11	
15.6114    	6.27813e-12	1.80803e-11	-3.24758e-19	5.6136e-19 	3.10869e-19	3.32453e-12	0.00114642 	-0.000558095	-4.2224e-11	
15.6408    	6.34462e-12	1.77808e-11	-1.55512e-19	5.4516e-19 	2.85961e-19	3.17744e-12	0.00109703 	-0.000553136	-4.23053e-11	
15.6702    	6.40817e-12	1.76042e-11	3.63091e-20	5.38166e-19	4.51345e-19	2.89418e-12	0.00104849 	-0.000548635	-4.18996e-11	
15.6996    	6.46605e-12	1.7683e-11 	5.61294e-20	5.42735e-19	6.33569e-19	2.73534e-12	0.00100079 	-0.000543935	-4.13128e-11	
15.729     	6.52076e-12	1.78897e-11	-1.15254e-19	5.49463e-19	6.42111e-19	2.83393e-12	0.0009539  	-0.00053859	-4.1026e-11	
15.7584    	6.57743e-12	1.79671e-11	-3.0217e-19	5.46802e-19	4.63577e-19	3.06035e-12	0.000907835	-0.000532814	-4.12094e-11	
15.7878    	6.63864e-12	1.77908e-11	-3.1317e-19	5.32832e-19	2.75302e-19	3.15515e-12	0.00086261 	-0.000527263	-4.15529e-11	
15.8172    	6.70174e-12	1.74954e-11	-1.3614e-19	5.17196e-19	2.64544e-19	2.99353e-12	0.000818243	-0.000522361	-4.15837e-11	
15.8466    	6.76162e-12	1.73366e-11	4.94143e-20	5.11246e-19	4.37612e-19	2.71205e-12	0.000774726	-0.000517876	-4.11444e-11	
15.876     	6.81586e-12	1.74307e-11	5.5364e-20 	5.16465e-19	6.13478e-19	2.56878e-12	0.00073204 	-0.000513159	-4.05494e-11	
15.9054    	6.86723e-12	1.76362e-11	-1.23312e-19	5.22983e-19	6.08339e-19	2.68023e-12	0.000690167	-0.000507807	-4.02638e-11	
15.9348    	6.92084e-12	1.76991e-11	-3.03462e-19	5.19661e-19	4.22968e-19	2.90317e-12	0.000649113	-0.000502071	-4.04333e-11	
15.9642    	6.9789e-12 	1.75114e-11	-3.00471e-19	5.05449e-19	2.41895e-19	2.98123e-12	0.000608895	-0.000496595	-4.07403e-11	
15.9936    	7.03852e-12	1.72211e-11	-1.1641e-19	4.90429e-19	2.4528e-19 	2.80624e-12	0.000569523	-0.000491763	-4.07275e-11	
16.023     	7.09465e-12	1.70803e-11	6.21152e-20	4.85518e-19	4.25271e-19	2.52795e-12	0.000530989	-0.000487307	-4.02601e-11	
16.0524    	7.14521e-12	1.71886e-11	5.41858e-20	4.91334e-19	5.94032e-19	2.40077e-12	0.00049327 	-0.000482588	-3.96594e-11	
16.0818    	7.19322e-12	1.73916e-11	-1.31043e-19	4.9759e-19 	5.75227e-19	2.52449e-12	0.000456351	-0.000477246	-3.93758e-11	
16.1112    	7.24371e-12	1.74395e-11	-3.03705e-19	4.93607e-19	3.83773e-19	2.74307e-12	0.000420233	-0.000471563	-3.9534e-11	
16.1406    	7.29857e-12	1.72411e-11	-2.86762e-19	4.79198e-19	2.10621e-19	2.80427e-12	0.000384932	-0.000466175	-3.98098e-11	
16.17      	7.35466e-12	1.69566e-11	-9.64424e-20	4.64837e-19	2.28099e-19	2.61676e-12	0.000350458	-0.000461422	-3.97599e-11	
16.1994    	7.407e-12  	1.68339e-11	7.43214e-20	4.60957e-19	4.14243e-19	2.3427e-12 	0.000316797	-0.000457008	-3.92691e-11	
16.2288    	7.45385e-12	1.69553e-11	5.25486e-20	4.67318e-19	5.75185e-19	2.23192e-12	0.000283926	-0.000452304	-3.86647e-11	
16.2582    	7.49849e-12	1.71549e-11	-1.38484e-19	4.73271e-19	5.42777e-19	2.36734e-12	0.000251828	-0.00044699	-3.83839e-11	
16.2876    	7.54583e-12	1.71875e-11	-3.02975e-19	4.68637e-19	3.46005e-19	2.58097e-12	0.000220505	-0.000441377	-3.85334e-11	
16.317     	7.59745e-12	1.69791e-11	-2.72178e-19	4.54082e-19	1.81454e-19	2.62567e-12	0.000189972	-0.000436089	-3.87833e-11	
16.3464    	7.64997e-12	1.67014e-11	-7.63916e-20	4.40417e-19	2.12917e-19	2.42696e-12	0.000160233	-0.000431425	-3.87019e-11	
16.3758    	7.69851e-12	1.65966e-11	8.59195e-20	4.37556e-19	4.04418e-19	2.15842e-12	0.000131275	-0.000427063	-3.81913e-11	
16.4052    	7.74168e-12	1.67304e-11	5.04128e-20	4.44412e-19	5.56858e-19	2.06432e-12	0.000103073	-0.000422388	-3.75842e-11	
16.4346    	7.78296e-12	1.69255e-11	-1.45623e-19	4.50028e-19	5.10967e-19	2.21069e-12	7.56091e-05	-0.000417118	-3.73073e-11	
16.464     	7.82718e-12	1.69429e-11	-3.01267e-19	4.44764e-19	3.09679e-19	2.4186e-12 	4.88854e-05	-0.000411589	-3.74509e-11	
16.4934    	7.87555e-12	1.67254e-11	-2.56754e-19	4.30121e-19	1.544e-19  	2.44696e-12	2.29144e-05	-0.00040641	-3.76795e-11	
16.5228    	7.92449e-12	1.64554e-11	-5.63288e-20	4.1719e-19 	1.99709e-19	2.2382e-12 	-2.30053e-06	-0.000401845	-3.75712e-11	
16.5522    	7.96925e-12	1.63684e-11	9.68344e-20	4.15323e-19	3.95753e-19	1.97636e-12	-2.67754e-05	-0.000397546	-3.70433e-11	
16.5816    	8.00878e-12	1.65132e-11	4.77125e-20	4.22609e-19	5.39028e-19	1.89912e-12	-5.05364e-05	-0.000392913	-3.64343e-11	
16.611     	8.04676e-12	1.67026e-11	-1.5254e-19	4.27838e-19	4.79808e-19	2.05562e-12	-7.36008e-05	-0.000387701	-3.61623e-11	
16.6404    	8.08787e-12	1.67047e-11	-2.98705e-19	4.21953e-19	2.74813e-19	2.25696e-12	-9.59667e-05	-0.000382268	-3.63033e-11	
16.6698    	8.13301e-12	1.64789e-11	-2.40664e-19	4.07271e-19	1.29439e-19	2.26912e-12	-0.000117623	-0.00037721	-3.65154e-11	
16.6992    	8.17839e-12	1.62172e-11	-3.64289e-20	3.95106e-19	1.88396e-19	2.05139e-12	-0.000138568	-0.000372753	-3.63844e-11	
16.7286    	8.21942e-12	1.61479e-11	1.06948e-19	3.94213e-19	3.88148e-19	1.79733e-12	-0.00015882	-0.000368529	-3.58409e-11	
16.758     	8.25537e-12	1.63028e-11	4.44132e-20	4.01872e-19	5.21616e-19	1.7371e-12 	-0.000178405	-0.000363951	-3.52305e-11	
16.7874    	8.29011e-12	1.64856e-11	-1.59214e-19	4.06678e-19	4.49261e-19	1.90298e-12	-0.000197341	-0.000358809	-3.49648e-11	
16.8168    	8.32817e-12	1.64722e-11	-2.95265e-19	4.00189e-19	2.4138e-19 	2.09704e-12	-0.000215626	-0.000353484	-3.51067e-11	
16.8462    	8.37011e-12	1.62391e-11	-2.23905e-19	3.85521e-19	1.06517e-19	2.09321e-12	-0.000233249	-0.000348556	-3.5307e-11	
16.8756    	8.41198e-12	1.59868e-11	-1.67038e-20	3.74157e-19	1.78889e-19	1.86763e-12	-0.00025021	-0.000344218	-3.51563e-11	
16.905     	8.44933e-12	1.5935e-11 	1.16264e-19	3.74219e-19	3.815e-19  	1.62241e-12	-0.00026653	-0.000340079	-3.45983e-11	
16.9344    	8.48178e-12	1.6099e-11 	4.05348e-20	3.82196e-19	5.04553e-19	1.57932e-12	-0.000282235	-0.000335567	-3.39866e-11	
16.9638    	8.51336e-12	1.62742e-11	-1.65643e-19	3.86544e-19	4.19308e-19	1.75389e-12	-0.000297342	-0.000330507	-3.37287e-11	
16.9932    	8.54844e-12	1.62454e-11	-2.91003e-19	3.79466e-19	2.09388e-19	1.9401e-12 	-0.000311848	-0.000325299	-3.38749e-11	
17.0226    	8.58724e-12	1.60058e-11	-2.06597e-19	3.64858e-19	8.56247e-20	1.92062e-12	-0.000325744	-0.000320507	-3.4067e-11	
17.052     	8.62565e-12	1.57633e-11	2.7146e-21 	3.54314e-19	1.71144e-19	1.6882e-12 	-0.000339033	-0.000316292	-3.38989e-11	
17.0814    	8.65942e-12	1.57287e-11	1.24695e-19	3.55297e-19	3.75768e-19	1.45251e-12	-0.000351733	-0.000312246	-3.33267e-11	
17.1108    	8.68847e-12	1.59007e-11	3.60494e-20	3.63534e-19	4.87845e-19	1.42619e-12	-0.000363874	-0.000307811	-3.27138e-11	
17.1402    	8.71699e-12	1.60676e-11	-1.71834e-19	3.67395e-19	3.90004e-19	1.60831e-12	-0.00037547	-0.000302844	-3.24656e-11	
17.1696    	8.74916e-12	1.60238e-11	-2.85968e-19	3.59758e-19	1.78894e-19	1.78584e-12	-0.000386519	-0.000297763	-3.262e-11 	
17.199     	8.78488e-12	1.57786e-11	-1.88854e-19	3.45264e-19	6.67589e-20	1.75106e-12	-0.000397012	-0.000293117	-3.28076e-11	
17.2284    	8.8199e-12 	1.55467e-11	2.16804e-20	3.35563e-19	1.65077e-19	1.51311e-12	-0.000406953	-0.000289035	-3.26237e-11	
17.2578    	8.85016e-12	1.5529e-11 	1.32121e-19	3.3743e-19 	3.70815e-19	1.28812e-12	-0.000416363	-0.000285092	-3.2037e-11	
17.2872    	8.87592e-12	1.57077e-11	3.09022e-20	3.4586e-19 	4.7136e-19 	1.27872e-12	-0.000425268	-0.000280745	-3.14232e-11	
17.3166    	8.9015e-12 	1.58654e-11	-1.77795e-19	3.49195e-19	3.6126e-19 	1.46765e-12	-0.000433685	-0.000275882	-3.11871e-11	
17.346     	8.93085e-12	1.58065e-11	-2.80154e-19	3.41019e-19	1.49841e-19	1.63588e-12	-0.000441609	-0.000270936	-3.13533e-11	
17.3754    	8.96357e-12	1.55568e-11	-1.70672e-19	3.26692e-19	4.98603e-20	1.58609e-12	-0.000449033	-0.000266444	-3.15393e-11	
17.4048    	8.99529e-12	1.53365e-11	4.02087e-20	3.17866e-19	1.60612e-19	1.34359e-12	-0.00045596	-0.000262502	-3.13401e-11	
17.4342    	9.02216e-12	1.53355e-11	1.38592e-19	3.20594e-19	3.66575e-19	1.13004e-12	-0.000462414	-0.00025867	-3.07382e-11	
17.4636    	9.04476e-12	1.55202e-11	2.51617e-20	3.29169e-19	4.55068e-19	1.13734e-12	-0.000468421	-0.000254419	-3.01237e-11	
17.493     	9.06751e-12	1.56679e-11	-1.83485e-19	3.31955e-19	3.33077e-19	1.33223e-12	-0.000473994	-0.000249669	-2.99021e-11	
17.5224    	9.09415e-12	1.55942e-11	-2.73596e-19	3.23264e-19	1.22217e-19	1.49063e-12	-0.000479131	-0.000244867	-3.00836e-11	
17.5518    	9.12397e-12	1.53408e-11	-1.52164e-19	3.09144e-19	3.48677e-20	1.42627e-12	-0.000483822	-0.000240537	-3.02701e-11	
17.5812    	9.15249e-12	1.51323e-11	5.81673e-20	3.01195e-19	1.57643e-19	1.18027e-12	-0.000488073	-0.000236743	-3.00555e-11	
17.6106    	9.1761e-12 	1.51474e-11	1.44019e-19	3.04735e-19	3.6295e-19 	9.78787e-13	-0.000491908	-0.00023303	-2.94375e-11	
17.64      	9.19567e-12	1.53368e-11	1.88025e-20	3.13387e-19	4.38938e-19	1.00234e-12	-0.000495352	-0.000228885	-2.88231e-11	
17.6694    	9.21572e-12	1.54738e-11	-1.88905e-19	3.15597e-19	3.055e-19  	1.20203e-12	-0.000498418	-0.000224254	-2.86191e-11	
17.6988    	9.23976e-12	1.53857e-11	-2.66325e-19	3.06423e-19	9.60895e-20	1.34986e-12	-0.000501102	-0.000219603	-2.88196e-11	
17.7282    	9.26676e-12	1.51297e-11	-1.334e-19 	2.92563e-19	2.17936e-20	1.27126e-12	-0.000503396	-0.000215438	-2.90083e-11	
17.7576    	9.29218e-12	1.49338e-11	7.54805e-20	2.8551e-19 	1.56102e-19	1.02283e-12	-0.000505305	-0.000211798	-2.87776e-11	
17.787     	9.31264e-12	1.49647e-11	1.48369e-19	2.89827e-19	3.59822e-19	8.34191e-13	-0.000506854	-0.000208211	-2.81424e-11	
17.8164    	9.32932e-12	1.51577e-11	1.18408e-20	2.98502e-19	4.22858e-19	8.73819e-13	-0.000508067	-0.000204177	-2.75292e-11	
17.8458    	9.3468e-12 	1.52834e-11	-1.94028e-19	3.00114e-19	2.78442e-19	1.07758e-12	-0.000508957	-0.000199674	-2.73462e-11	
17.8752    	9.36835e-12	1.51813e-11	-2.58348e-19	2.90484e-19	7.13734e-20	1.21449e-12	-0.000509517	-0.000195181	-2.7569e-11	
17.9046    	9.39264e-12	1.49234e-11	-1.14422e-19	2.76926e-19	1.05258e-20	1.12227e-12	-0.00050974	-0.00019119	-2.77606e-11	
17.934     	9.41509e-12	1.47405e-11	9.21214e-20	2.70773e-19	1.55854e-19	8.72451e-13	-0.000509634	-0.00018771	-2.7512e-11	
17.9634    	9.43253e-12	1.47866e-11	1.51679e-19	2.7582e-19 	3.57091e-19	6.97092e-13	-0.00050922	-0.000184254	-2.68583e-11	
17.9928    	9.44648e-12	1.49823e-11	4.37312e-21	2.84461e-19	4.06819e-19	7.52119e-13	-0.000508525	-0.000180337	-2.62475e-11	
18.0222    	9.46152e-12	1.50961e-11	-1.98765e-19	2.85463e-19	2.51989e-19	9.58709e-13	-0.000507559	-0.000175967	-2.60891e-11	
18.0516    	9.48069e-12	1.49806e-11	-2.49654e-19	2.7542e-19 	4.81891e-20	1.08404e-12	-0.000506314	-0.000171637	-2.63371e-11	
18.081     	9.50237e-12	1.47222e-11	-9.53244e-20	2.62218e-19	1.13984e-21	9.78727e-13	-0.000504783	-0.000167826	-2.65318e-11	
18.1104    	9.52195e-12	1.45529e-11	1.07936e-19	2.56976e-19	1.56893e-19	7.28778e-13	-0.000502974	-0.000164511	-2.62635e-11	
18.1398    	9.53652e-12	1.46136e-11	1.53805e-19	2.62703e-19	3.54688e-19	5.67543e-13	-0.00050091	-0.000161192	-2.55901e-11	
18.1692    	9.54787e-12	1.48106e-11	-3.6935e-21	2.71243e-19	3.90734e-19	6.37741e-13	-0.000498616	-0.000157399	-2.49836e-11	
18.1986    	9.56063e-12	1.49118e-11	-2.03165e-19	2.71604e-19	2.26062e-19	8.46271e-13	-0.0004961 	-0.000153167	-2.48536e-11	
18.228     	9.57755e-12	1.47831e-11	-2.4028e-19	2.61173e-19	2.64489e-20	9.59486e-13	-0.000493354	-0.000149006	-2.51294e-11	
18.2574    	9.59674e-12	1.45251e-11	-7.61339e-20	2.48369e-19	-6.47892e-21	8.41447e-13	-0.00049037	-0.000145379	-2.53266e-11	
18.2868    	9.61357e-12	1.43699e-11	1.22931e-19	2.44046e-19	1.59091e-19	5.92214e-13	-0.000487157	-0.000142234	-2.50359e-11	
18.3162    	9.62542e-12	1.44448e-11	1.54805e-19	2.50416e-19	3.52518e-19	4.45499e-13	-0.000483739	-0.000139057	-2.4342e-11	
18.3456    	9.63433e-12	1.46424e-11	-1.2275e-20	2.58808e-19	3.74571e-19	5.30368e-13	-0.000480139	-0.00013539	-2.37423e-11	
18.375     	9.64494e-12	1.47306e-11	-2.07175e-19	2.58521e-19	2.00662e-19	7.39948e-13	-0.000476363	-0.000131303	-2.36448e-11	
18.4044    	9.65973e-12	1.45893e-11	-2.30236e-19	2.47737e-19	6.13118e-21	8.40689e-13	-0.000472402	-0.000127316	-2.39507e-11	
18.4338    	9.67655e-12	1.43324e-11	-5.68977e-20	2.3537e-19 	-1.24186e-20	7.10479e-13	-0.00046825	-0.000123879	-2.41488e-11	
18.4632    	9.69076e-12	1.41916e-11	1.37084e-19	2.31959e-19	1.62318e-19	4.62843e-13	-0.000463914	-0.000120909	-2.38329e-11	
18.4926    	9.70001e-12	1.42801e-11	1.54725e-19	2.38921e-19	3.50479e-19	3.30917e-13	-0.000459419	-0.000117875	-2.31175e-11	
18.522     	9.70663e-12	1.44773e-11	-2.12811e-20	2.47114e-19	3.58316e-19	4.29785e-13	-0.000454787	-0.000114339	-2.25274e-11	
18.5514    	9.71523e-12	1.45521e-11	-2.10735e-19	2.46172e-19	1.75858e-19	6.39452e-13	-0.000450022	-0.000110399	-2.24665e-11	
18.5808    	9.72802e-12	1.43987e-11	-2.19552e-19	2.35076e-19	-1.26946e-20	7.2745e-13 	-0.000445115	-0.000106591	-2.28038e-11	
18.6102    	9.74257e-12	1.41439e-11	-3.7728e-20	2.23183e-19	-1.66801e-20	5.85797e-13	-0.000440058	-0.000103346	-2.30008e-11	
18.6396    	9.75428e-12	1.40178e-11	1.50281e-19	2.20675e-19	1.66494e-19	3.40768e-13	-0.00043486	-0.000100551	-2.26566e-11	
18.669     	9.7611e-12 	1.41191e-11	1.53519e-19	2.28173e-19	3.48476e-19	2.23896e-13	-0.000429545	-9.7663e-05	-2.19196e-11	
18.6984    	9.76558e-12	1.43148e-11	-3.06834e-20	2.36114e-19	3.41919e-19	3.35982e-13	-0.000424134	-9.42593e-05	-2.13426e-11	
18.7278    	9.7723e-12 	1.4376e-11 	-2.13803e-19	2.34513e-19	1.51646e-19	5.44654e-13	-0.00041863	-9.04695e-05	-2.13224e-11	
18.7572    	9.78319e-12	1.42113e-11	-2.0824e-19	2.23148e-19	-3.00372e-20	6.19586e-13	-0.000413022	-8.68445e-05	-2.16922e-11	
18.7866    	9.79558e-12	1.39596e-11	-1.86902e-20	2.11772e-19	-1.93306e-20	4.67257e-13	-0.000407303	-8.37973e-05	-2.18851e-11	
18.816     	9.80493e-12	1.38483e-11	1.62452e-19	2.10157e-19	1.71499e-19	2.25966e-13	-0.000401482	-8.11822e-05	-2.15091e-11	
18.8454    	9.80944e-12	1.39616e-11	1.5117e-19 	2.18132e-19	3.46391e-19	1.2458e-13 	-0.000395583	-7.84412e-05	-2.07506e-11	
18.8748    	9.81194e-12	1.41547e-11	-4.0446e-20	2.25765e-19	3.25321e-19	2.49266e-13	-0.000389624	-7.51708e-05	-2.01906e-11	
18.9042    	9.81692e-12	1.42019e-11	-2.16336e-19	2.23502e-19	1.28022e-19	4.5596e-13 	-0.000383609	-7.15334e-05	-2.02152e-11	
18.9336    	9.82604e-12	1.40266e-11	-1.96288e-19	2.11911e-19	-4.58964e-20	5.17489e-13	-0.000377525	-6.8094e-05	-2.06178e-11	
18.963     	9.83639e-12	1.37789e-11	1.98252e-22	2.01092e-19	-2.04131e-20	3.55088e-13	-0.000371364	-6.52466e-05	-2.08032e-11	
18.9924    	9.84349e-12	1.36829e-11	1.736e-19  	2.00364e-19	1.77256e-19	1.18384e-13	-0.000365137	-6.2812e-05	-2.03921e-11	
19.0218    	9.84586e-12	1.38075e-11	1.47734e-19	2.08766e-19	3.44168e-19	3.26103e-14	-0.000358865	-6.02184e-05	-1.96126e-11	
19.0512    	9.84651e-12	1.39971e-11	-5.04835e-20	2.16045e-19	3.08527e-19	1.69073e-13	-0.000352569	-5.70819e-05	-1.90739e-11	
19.0806    	9.8499e-12 	1.40302e-11	-2.18283e-19	2.13124e-19	1.05037e-19	3.72775e-13	-0.000346248	-5.35987e-05	-1.9147e-11	
19.11      	9.85735e-12	1.3845e-11 	-1.83725e-19	2.01355e-19	-6.02472e-20	4.20677e-13	-0.000339889	-5.03472e-05	-1.95819e-11	
19.1394    	9.86576e-12	1.36024e-11	1.88527e-20	1.9113e-19 	-1.99782e-20	2.48989e-13	-0.000333483	-4.77008e-05	-1.97556e-11	
19.1688    	9.87074e-12	1.35216e-11	1.8365e-19 	1.91272e-19	1.8365e-19 	1.78917e-14	-0.000327042	-4.54465e-05	-1.93063e-11	
19.1982    	9.8711e-12 	1.36567e-11	1.43189e-19	2.00039e-19	3.41692e-19	-5.2002e-14	-0.000320589	-4.29993e-05	-1.85071e-11	
19.2276    	9.87006e-12	1.38418e-11	-6.07771e-20	2.06912e-19	2.91467e-19	9.55263e-14	-0.000314141	-3.9997e-05	-1.79943e-11	
19.257     	9.87197e-12	1.38603e-11	-2.19641e-19	2.0333e-19 	8.26493e-20	2.9529e-13 	-0.000307696	-3.667e-05 	-1.81194e-11	
19.2864    	9.87788e-12	1.36659e-11	-1.70596e-19	1.91422e-19	-7.31494e-20	3.29315e-13	-0.000301239	-3.36091e-05	-1.85854e-11	
19.3158    	9.88446e-12	1.34293e-11	3.72097e-20	1.81822e-19	-1.81302e-20	1.48966e-13	-0.000294763	-3.11648e-05	-1.87431e-11	
19.3452    	9.88744e-12	1.3364e-11 	1.92586e-19	1.82819e-19	1.90573e-19	-7.5769e-14	-0.000288279	-2.90894e-05	-1.82527e-11	
19.3746    	9.88593e-12	1.35088e-11	1.37605e-19	1.91902e-19	3.38917e-19	-1.29776e-13	-0.000281811	-2.67864e-05	-1.7436e-11	
19.404     	9.88333e-12	1.36885e-11	-7.12119e-20	1.98331e-19	2.7419e-19 	2.79811e-14	-0.000275373	-2.39177e-05	-1.69543e-11	
19.4334    	9.88389e-12	1.36925e-11	-2.20329e-19	1.94101e-19	6.09543e-20	2.22925e-13	-0.000268962	-2.07488e-05	-1.71345e-11	
19.4628    	9.88835e-12	1.34897e-11	-1.56898e-19	1.821e-19  	-8.45559e-20	2.43024e-13	-0.000262563	-1.78814e-05	-1.76294e-11	
19.4922    	9.89321e-12	1.32599e-11	5.52215e-20	1.73156e-19	-1.49234e-20	5.48462e-14	-0.000256169	-1.56405e-05	-1.77658e-11	
19.5216    	9.89431e-12	1.321e-11  	2.00382e-19	1.74985e-19	1.97901e-19	-1.62656e-13	-0.00024979	-1.37421e-05	-1.72316e-11	
19.551     	9.89106e-12	1.33637e-11	1.31017e-19	1.84322e-19	3.35737e-19	-2.00754e-13	-0.00024345	-1.15795e-05	-1.63998e-11	
19.5804    	9.88704e-12	1.35371e-11	-8.17226e-20	1.90266e-19	2.56665e-19	-3.36223e-14	-0.000237162	-8.84119e-06	-1.59546e-11	
19.6098    	9.88637e-12	1.35265e-11	-2.20321e-19	1.854e-19  	3.99733e-20	1.5562e-13 	-0.000230922	-5.82955e-06	-1.61925e-11	
19.6392    	9.88948e-12	1.33162e-11	-1.42684e-19	1.73354e-19	-9.44652e-20	1.61752e-13	-0.000224714	-3.15561e-06	-1.67134e-11	
19.6686    	9.89272e-12	1.30939e-11	7.2796e-20 	1.65093e-19	-1.04221e-20	-3.34652e-14	-0.000218529	-1.11681e-06	-1.68233e-11	
19.698     	9.89205e-12	1.30595e-11	2.06984e-19	1.67726e-19	2.05532e-19	-2.42981e-13	-0.00021238	6.08055e-07	-1.62429e-11	
19.7274    	9.88719e-12	1.32211e-11	1.23447e-19	1.77259e-19	3.32088e-19	-2.65291e-13	-0.00020629	2.63408e-06	-1.53995e-11	
19.7568    	9.88188e-12	1.33873e-11	-9.22441e-20	1.82681e-19	2.38903e-19	-8.97144e-14	-0.000200272	5.24386e-06	-1.49964e-11	
19.7862    	9.88009e-12	1.33623e-11	-2.19589e-19	1.77197e-19	1.97609e-20	9.30088e-14	-0.000194317	8.09738e-06	-1.52941e-11	
19.8156    	9.88195e-12	1.31454e-11	-1.28002e-19	1.65155e-19	-1.02858e-19	8.53129e-14	-0.000188409	1.0576e-05 	-1.58377e-11	
19.845     	9.88365e-12	1.29315e-11	8.98429e-20	1.57602e-19	-4.68764e-21	-1.15945e-13	-0.000182542	1.24128e-05	-1.59155e-11	
19.8744    	9.88133e-12	1.29123e-11	2.12336e-19	1.61007e-19	2.13353e-19	-3.16586e-13	-0.000176727	1.3967e-05 	-1.52872e-11	
19.9038    	9.875e-12  	1.30808e-11	1.14923e-19	1.70674e-19	3.27873e-19	-3.23215e-13	-0.000170988	1.58608e-05	-1.44359e-11	
19.9332    	9.86854e-12	1.3239e-11 	-1.02696e-19	1.75535e-19	2.20869e-19	-1.40221e-13	-0.000165335	1.8345e-05 	-1.40804e-11	
19.9626    	9.86573e-12	1.31997e-11	-2.18065e-19	1.69453e-19	3.12732e-22	3.50027e-14	-0.000159759	2.10415e-05	-1.44393e-11	
