T          	Er(t)      	Ephi(t)    	Ez(t)      	Hr(t)      	Hphi(t)    	Hz(t)      	Jr(t)      	Jphi(t)    	Jz(t)      
0          	0          	0          	0          	0          	0          	0          	0          	-0         	0          	
0.008575   	-6.12993e-012	6.12993e-012	0          	0          	0          	-1.77864e-019	0.170661   	-0.170661  	0          	
0.01715    	-1.82099e-011	1.82099e-011	0          	0          	0          	-2.37379e-019	0.336314   	-0.336314  	0          	
0.025725   	-3.58856e-011	3.58856e-011	0          	0          	0          	-7.54073e-020	0.4921     	-0.4921    	0          	
0.0343     	-5.86383e-011	5.86383e-011	0          	0          	0          	-3.51084e-019	0.633447   	-0.633447  	0          	
0.042875   	-8.58005e-011	8.58005e-011	0          	0          	0          	1.13552e-018	0.756209   	-0.756209  	0          	
0.05145    	-1.16575e-010	1.16575e-010	0          	0          	0          	7.28749e-018	0.856784   	-0.856784  	0          	
0.060025   	-1.50059e-010	1.50059e-010	0          	0          	0          	2.55905e-018	0.93222    	-0.93222   	0          	
0.0686     	-1.85271e-010	1.85271e-010	0          	0          	0          	-5.51224e-018	0.980305   	-0.980305  	0          	
0.077175   	-2.21176e-010	2.21176e-010	0          	0          	0          	-5.38493e-018	0.999627   	-0.999627  	0          	
0.08575    	-2.56722e-010	2.56723e-010	0          	0          	0          	-1.09868e-017	0.989621   	-0.989621  	0          	
0.094325   	-2.90866e-010	2.90866e-010	0          	0          	0          	-1.05746e-017	0.950578   	-0.950578  	0          	
0.1029     	-3.22606e-010	3.22606e-010	0          	0          	0          	-1.91477e-017	0.883645   	-0.883645  	0          	
0.111475   	-3.5101e-010	3.5101e-010	0          	0          	0          	-2.99939e-017	0.790787   	-0.790787  	0          	
0.12005    	-3.75245e-010	3.75245e-010	0          	0          	0          	-1.83194e-017	0.674726   	-0.674726  	0          	
0.128625   	-3.94601e-010	3.94601e-010	0          	0          	0          	-3.04031e-018	0.538868   	-0.538868  	0          	
0.1372     	-4.08509e-010	4.08509e-010	0          	0          	0          	1.90426e-017	0.3872     	-0.3872    	0          	
0.145775   	-4.16561e-010	4.16561e-010	0          	0          	0          	3.52861e-017	0.224171   	-0.224171  	0          	
0.15435    	-4.18521e-010	4.18521e-010	0          	0          	0          	3.14475e-017	0.0545656  	-0.0545656 	0          	
0.162925   	-4.14331e-010	4.14331e-010	0          	0          	0          	1.27776e-017	-0.116641  	0.116641   	0          	
0.1715     	-4.04115e-010	4.04115e-010	0          	0          	0          	-1.06103e-017	-0.284426  	0.284426   	0          	
0.180075   	-3.88172e-010	3.88172e-010	0          	0          	0          	-1.08424e-017	-0.443865  	0.443865   	0          	
0.18865    	-3.66969e-010	3.66969e-010	0          	0          	0          	-3.22553e-018	-0.590281  	0.590281   	0          	
0.197225   	-3.4113e-010	3.4113e-010	0          	0          	0          	3.94303e-018	-0.719378  	0.719378   	0          	
0.2058     	-3.11412e-010	3.11412e-010	0          	0          	0          	3.7202e-018	-0.827369  	0.827369   	0          	
0.214375   	-2.78687e-010	2.78687e-010	0          	0          	0          	-4.48829e-018	-0.911084  	0.911084   	0          	
0.22295    	-2.43915e-010	2.43915e-010	0          	0          	0          	-6.84199e-018	-0.968068  	0.968068   	0          	
0.231525   	-2.08116e-010	2.08116e-010	0          	0          	0          	-9.27411e-018	-0.996649  	0.996649   	0          	
0.2401     	-1.72342e-010	1.72342e-010	0          	0          	0          	-3.79438e-018	-0.995988  	0.995988   	0          	
0.248675   	-1.3764e-010	1.3764e-010	0          	0          	0          	9.77216e-018	-0.966104  	0.966104   	0          	
0.25725    	-1.0503e-010	1.0503e-010	0          	0          	0          	2.39738e-017	-0.907874  	0.907874   	0          	
0.265825   	-7.54688e-011	7.54689e-011	0          	0          	0          	3.02201e-017	-0.823008  	0.823008   	0          	
0.2744     	-4.9823e-011	4.9823e-011	0          	0          	0          	2.44445e-017	-0.713994  	0.713994   	0          	
0.282975   	-2.88452e-011	2.88453e-011	0          	0          	0          	1.17231e-017	-0.584031  	0.584031   	0          	
0.29155    	-1.31511e-011	1.31512e-011	0          	0          	0          	1.76181e-018	-0.436932  	0.436932   	0          	
0.300125   	-3.20106e-012	3.20118e-012	0          	0          	0          	3.59722e-018	-0.277015  	0.277015   	0          	
0.3087     	7.12969e-013	-7.12836e-013	0          	0          	0          	1.59613e-017	-0.108969  	0.108969   	0          	
0.317275   	-1.52384e-012	1.52397e-012	0          	0          	0          	2.98961e-017	0.0622739  	-0.0622739 	0          	
0.32585    	-9.84588e-012	9.84599e-012	0          	0          	0          	3.41361e-017	0.23169    	-0.23169   	0          	
0.334425   	-2.4009e-011	2.4009e-011	0          	0          	0          	2.37637e-017	0.394307   	-0.394307  	0          	
0.343      	-4.35975e-011	4.35976e-011	0          	0          	0          	1.76277e-018	0.545357   	-0.545357  	0          	
0.351575   	-6.80369e-011	6.8037e-011	0          	0          	0          	-2.3415e-017	0.680404   	-0.680404  	0          	
0.36015    	-9.661e-011	9.661e-011 	0          	0          	0          	-3.86428e-017	0.795489   	-0.795489  	0          	
0.368725   	-1.28478e-010	1.28478e-010	0          	0          	0          	-4.07512e-017	0.887234   	-0.887234  	0          	
0.3773     	-1.62707e-010	1.62707e-010	0          	0          	0          	-2.43314e-017	0.952947   	-0.952947  	0          	
0.385875   	-1.98292e-010	1.98292e-010	0          	0          	0          	-1.97529e-018	0.990701   	-0.990701  	0          	
0.39445    	-2.34189e-010	2.34189e-010	0          	0          	0          	2.76682e-017	0.999387   	-0.999387  	0          	
0.403025   	-2.69345e-010	2.69345e-010	0          	0          	0          	2.77164e-017	0.978751   	-0.978751  	0          	
0.4116     	-3.02727e-010	3.02728e-010	0          	0          	0          	-8.8395e-018	0.929398   	-0.929398  	0          	
0.420175   	-3.33358e-010	3.33358e-010	0          	0          	0          	-4.22999e-017	0.852776   	-0.852776  	0          	
0.42875    	-3.60338e-010	3.60338e-010	0          	0          	0          	-5.76399e-017	0.751134   	-0.751134  	0          	
0.437325   	-3.82876e-010	3.82876e-010	0          	0          	0          	-4.87585e-017	0.627454   	-0.627454  	0          	
0.4459     	-4.00309e-010	4.00309e-010	0          	0          	0          	-4.02763e-017	0.485363   	-0.485363  	0          	
0.454475   	-4.12128e-010	4.12128e-010	0          	0          	0          	-3.10907e-017	0.329032   	-0.329032  	0          	
0.46305    	-4.17984e-010	4.17984e-010	0          	0          	0          	-2.79162e-017	0.163047   	-0.163047  	0          	
0.471625   	-4.17707e-010	4.17707e-010	0          	0          	0          	-3.90052e-017	-0.00772089	0.00772089 	0          	
0.4802     	-4.11304e-010	4.11304e-010	0          	0          	0          	-3.30125e-017	-0.178263  	0.178263   	0          	
0.488775   	-3.98963e-010	3.98963e-010	0          	0          	0          	-2.57134e-017	-0.343575  	0.343575   	0          	
0.49735    	-3.81046e-010	3.81046e-010	0          	0          	0          	-3.15064e-017	-0.498807  	0.498807   	0          	
0.505925   	-3.5808e-010	3.5808e-010	0          	0          	0          	-4.144e-017	-0.639403  	0.639403   	0          	
0.5145     	-3.30737e-010	3.30737e-010	0          	0          	0          	-3.67016e-017	-0.761239  	0.761239   	0          	
0.523075   	-2.9982e-010	2.9982e-010	0          	0          	0          	-1.46191e-017	-0.86074   	0.86074    	0          	
0.53165    	-2.66237e-010	2.66237e-010	0          	0          	0          	3.63307e-018	-0.934987  	0.934987   	0          	
0.540225   	-2.30971e-010	2.30971e-010	0          	0          	0          	2.85127e-018	-0.981801  	0.981801   	0          	
0.5488     	-1.95059e-010	1.95059e-010	0          	0          	0          	-1.99572e-017	-0.999808  	0.999808   	0          	
0.557375   	-1.59554e-010	1.59554e-010	0          	0          	0          	-5.91383e-017	-0.988482  	0.988482   	0          	
0.56595    	-1.25498e-010	1.25498e-010	0          	0          	0          	-7.44539e-017	-0.948152  	0.948152   	0          	
0.574525   	-9.38889e-011	9.38889e-011	0          	0          	0          	-5.24793e-017	-0.880004  	0.880004   	0          	
0.5831     	-6.56553e-011	6.56554e-011	0          	0          	0          	-3.68743e-018	-0.786036  	0.786036   	0          	
0.591675   	-4.16254e-011	4.16254e-011	0          	0          	0          	3.41902e-017	-0.669007  	0.669007   	0          	
0.60025    	-2.2504e-011	2.2504e-011	0          	0          	0          	3.99027e-017	-0.532348  	0.532348   	0          	
0.608825   	-8.85236e-012	8.85238e-012	0          	0          	0          	1.9261e-017	-0.380069  	0.380069   	0          	
0.6174     	-1.07091e-012	1.07095e-012	0          	0          	0          	-2.69265e-018	-0.21664   	0.21664    	0          	
0.625975   	6.12057e-013	-6.11994e-013	0          	0          	0          	-4.58862e-018	-0.0468546 	0.0468546  	0          	
0.63455    	-3.85288e-012	3.85295e-012	0          	0          	0          	1.1418e-017	0.124306   	-0.124306  	0          	
0.643125   	-1.43347e-011	1.43348e-011	0          	0          	0          	2.25868e-017	0.29182    	-0.29182   	0          	
0.6517     	-3.05259e-011	3.05259e-011	0          	0          	0          	4.9132e-018	0.450771   	-0.450771  	0          	
0.660275   	-5.19513e-011	5.19514e-011	0          	0          	0          	-4.51242e-017	0.596496   	-0.596496  	0          	
0.66885    	-7.79825e-011	7.79825e-011	0          	0          	0          	-1.02108e-016	0.72472    	-0.72472   	0          	
0.677425   	-1.07856e-010	1.07856e-010	0          	0          	0          	-1.39741e-016	0.831681   	-0.831681  	0          	
0.686      	-1.40694e-010	1.40694e-010	0          	0          	0          	-1.34152e-016	0.91424    	-0.91424   	0          	
0.694575   	-1.75534e-010	1.75534e-010	0          	0          	0          	-9.76975e-017	0.969975   	-0.969975  	0          	
0.70315    	-2.11355e-010	2.11355e-010	0          	0          	0          	-3.39724e-017	0.997251   	-0.997251  	0          	
0.711725   	-2.47103e-010	2.47103e-010	0          	0          	0          	1.56003e-018	0.995267   	-0.995267  	0          	
0.7203     	-2.81732e-010	2.81732e-010	0          	0          	0          	1.29432e-017	0.964082   	-0.964082  	0          	
0.728875   	-3.14225e-010	3.14225e-010	0          	0          	0          	1.37127e-017	0.90461    	-0.90461   	0          	
0.73745    	-3.43628e-010	3.43628e-010	0          	0          	0          	-7.75951e-019	0.818597   	-0.818597  	0          	
0.746025   	-3.69079e-010	3.69079e-010	0          	0          	0          	-2.23377e-017	0.708566   	-0.708566  	0          	
0.7546     	-3.89831e-010	3.89831e-010	0          	0          	0          	-1.8135e-017	0.577746   	-0.577746  	0          	
0.763175   	-4.05275e-010	4.05275e-010	0          	0          	0          	3.57887e-017	0.429974   	-0.429974  	0          	
0.77175    	-4.14958e-010	4.14958e-010	0          	0          	0          	7.40422e-017	0.269588   	-0.269588  	0          	
0.780325   	-4.18596e-010	4.18596e-010	0          	0          	0          	4.71646e-017	0.101291   	-0.101291  	0          	
0.7889     	-4.16083e-010	4.16083e-010	0          	0          	0          	-2.52041e-017	-0.0699784 	0.0699784  	0          	
0.797475   	-4.07491e-010	4.07491e-010	0          	0          	0          	-1.00058e-016	-0.239194  	0.239194   	0          	
0.80605    	-3.93074e-010	3.93074e-010	0          	0          	0          	-1.26985e-016	-0.401391  	0.401391   	0          	
0.814625   	-3.73253e-010	3.73253e-010	0          	0          	0          	-8.32206e-017	-0.551813  	0.551813   	0          	
0.8232     	-3.48611e-010	3.48612e-010	0          	0          	0          	3.17408e-018	-0.686042  	0.686042   	0          	
0.831775   	-3.19871e-010	3.19871e-010	0          	0          	0          	7.02895e-017	-0.800144  	0.800144   	0          	
0.84035    	-2.87876e-010	2.87876e-010	0          	0          	0          	6.11166e-017	-0.89077   	0.89077    	0          	
0.848925   	-2.53564e-010	2.53564e-010	0          	0          	0          	9.52399e-018	-0.955259  	0.955259   	0          	
0.8575     	-2.17942e-010	2.17942e-010	0          	0          	0          	-2.36144e-017	-0.991722  	0.991722   	0          	
0.866075   	-1.82056e-010	1.82056e-010	0          	0          	0          	-1.31281e-017	-0.999087  	0.999087   	0          	
0.87465    	-1.46959e-010	1.46959e-010	0          	0          	0          	2.17671e-017	-0.977139  	0.977139   	0          	
0.883225   	-1.13679e-010	1.13679e-010	0          	0          	0          	2.90053e-017	-0.92652   	0.92652    	0          	
0.8918     	-8.31939e-011	8.31939e-011	0          	0          	0          	2.13229e-018	-0.848719  	0.848719   	0          	
0.900375   	-5.63979e-011	5.6398e-011	0          	0          	0          	-2.98133e-017	-0.746014  	0.746014   	0          	
0.90895    	-3.40772e-011	3.40773e-011	0          	0          	0          	-2.67378e-017	-0.621422  	0.621422   	0          	
0.917525   	-1.68864e-011	1.68866e-011	0          	0          	0          	1.94908e-017	-0.478598  	0.478598   	0          	
0.9261     	-5.33024e-012	5.33041e-012	0          	0          	0          	7.06451e-017	-0.32173   	0.32173    	0          	
0.934675   	2.52436e-013	-2.52327e-013	0          	0          	0          	7.35266e-017	-0.155425  	0.155425   	0          	
0.94325    	-3.02198e-013	3.02242e-013	0          	0          	0          	1.00113e-017	0.0154413  	-0.0154413 	0          	
0.951825   	-6.97794e-012	6.97797e-012	0          	0          	0          	-8.18258e-017	0.185856   	-0.185856  	0          	
0.9604     	-1.95789e-011	1.95789e-011	0          	0          	0          	-1.35396e-016	0.350816   	-0.350816  	0          	
0.968975   	-3.77353e-011	3.77354e-011	0          	0          	0          	-1.11495e-016	0.505485   	-0.505485  	0          	
0.97755    	-6.09145e-011	6.09146e-011	0          	0          	0          	-2.72725e-017	0.64532    	-0.64532   	0          	
0.986125   	-8.84363e-011	8.84365e-011	0          	0          	0          	5.75873e-017	0.766223   	-0.766223  	0          	
0.9947     	-1.19493e-010	1.19493e-010	0          	0          	0          	8.79948e-017	0.864645   	-0.864645  	0          	
1.00327    	-1.53174e-010	1.53174e-010	0          	0          	0          	6.60957e-017	0.937697   	-0.937697  	0          	
1.01185    	-1.88491e-010	1.88491e-010	0          	0          	0          	1.88139e-017	0.983238   	-0.983238  	0          	
1.02042    	-2.24408e-010	2.24408e-010	0          	0          	0          	-8.57362e-018	0.99993    	-0.99993   	0          	
1.029      	-2.5987e-010	2.5987e-010	0          	0          	0          	-1.40335e-017	0.987284   	-0.987284  	0          	
1.03757    	-2.93837e-010	2.93837e-010	0          	0          	0          	-2.40835e-017	0.94567    	-0.94567   	0          	
1.04615    	-3.25313e-010	3.25313e-010	0          	0          	0          	-2.35021e-017	0.876311   	-0.876311  	0          	
1.05472    	-3.53374e-010	3.53374e-010	0          	0          	0          	-4.42407e-017	0.781241   	-0.781241  	0          	
1.0633     	-3.77198e-010	3.77198e-010	0          	0          	0          	-5.23092e-017	0.663248   	-0.663248  	0          	
1.07187    	-3.96084e-010	3.96084e-010	0          	0          	0          	-3.60622e-017	0.525796   	-0.525796  	0          	
1.08045    	-4.09478e-010	4.09478e-010	0          	0          	0          	-1.41458e-017	0.372916   	-0.372916  	0          	
1.08902    	-4.16989e-010	4.16989e-010	0          	0          	0          	-1.32139e-017	0.209096   	-0.209096  	0          	
1.0976     	-4.18395e-010	4.18395e-010	0          	0          	0          	-2.79571e-017	0.0391408  	-0.0391408 	0          	
1.10617    	-4.13655e-010	4.13655e-010	0          	0          	0          	-7.54222e-017	-0.131964  	0.131964   	0          	
1.11475    	-4.02908e-010	4.02908e-010	0          	0          	0          	-1.13672e-016	-0.299196  	0.299196   	0          	
1.12332    	-3.8647e-010	3.8647e-010	0          	0          	0          	-1.08954e-016	-0.45765   	0.45765    	0          	
1.1319     	-3.64822e-010	3.64822e-010	0          	0          	0          	-5.1347e-017	-0.602676  	0.602676   	0          	
1.14047    	-3.38601e-010	3.38601e-010	0          	0          	0          	2.97597e-017	-0.730019  	0.730019   	0          	
1.14905    	-3.08575e-010	3.08575e-010	0          	0          	0          	6.56227e-017	-0.835944  	0.835944   	0          	
1.15762    	-2.75625e-010	2.75625e-010	0          	0          	0          	4.39286e-017	-0.917341  	0.917341   	0          	
1.1662     	-2.40718e-010	2.40718e-010	0          	0          	0          	-2.02588e-017	-0.971824  	0.971824   	0          	
1.17477    	-2.04878e-010	2.04878e-010	0          	0          	0          	-7.13943e-017	-0.997793  	0.997793   	0          	
1.18335    	-1.69157e-010	1.69157e-010	0          	0          	0          	-8.89682e-017	-0.994487  	0.994487   	0          	
1.19192    	-1.34603e-010	1.34603e-010	0          	0          	0          	-7.01486e-017	-0.962002  	0.962002   	0          	
1.2005     	-1.0223e-010	1.0223e-010	0          	0          	0          	-3.97788e-017	-0.901292  	0.901292   	0          	
1.20907    	-7.29871e-011	7.29871e-011	0          	0          	0          	-1.94376e-017	-0.814138  	0.814138   	0          	
1.21765    	-4.77326e-011	4.77327e-011	0          	0          	0          	-6.94923e-018	-0.703096  	0.703096   	0          	
1.22622    	-2.72076e-011	2.72077e-011	0          	0          	0          	1.26272e-017	-0.571427  	0.571427   	0          	
1.2348     	-1.20143e-011	1.20144e-011	0          	0          	0          	4.10317e-017	-0.42299   	0.42299    	0          	
1.24337    	-2.59843e-012	2.59846e-012	0          	0          	0          	5.85526e-017	-0.262144  	0.262144   	0          	
1.25195    	7.63802e-013	-7.6382e-013	0          	0          	0          	4.3536e-017	-0.0936063 	0.0936063  	0          	
1.26052    	-2.02635e-012	2.02631e-012	0          	0          	0          	-6.9707e-019	0.0776792  	-0.0776792 	0          	
1.2691     	-1.0887e-011	1.08869e-011	0          	0          	0          	-3.95313e-017	0.246684   	-0.246684  	0          	
1.27767    	-2.55581e-011	2.55582e-011	0          	0          	0          	-3.37662e-017	0.408452   	-0.408452  	0          	
1.28625    	-4.56093e-011	4.56094e-011	0          	0          	0          	2.40907e-017	0.558235   	-0.558235  	0          	
1.29482    	-7.04522e-011	7.04523e-011	0          	0          	0          	1.00752e-016	0.691639   	-0.691639  	0          	
1.3034     	-9.9358e-011	9.9358e-011	0          	0          	0          	1.36506e-016	0.804752   	-0.804752  	0          	
1.31198    	-1.31479e-010	1.31478e-010	0          	0          	0          	1.08012e-016	0.894252   	-0.894252  	0          	
1.32055    	-1.65871e-010	1.65871e-010	0          	0          	0          	3.3247e-017	0.957514   	-0.957514  	0          	
1.32912    	-2.01527e-010	2.01527e-010	0          	0          	0          	-3.11536e-017	0.992684   	-0.992684  	0          	
1.3377     	-2.37401e-010	2.37401e-010	0          	0          	0          	-4.56222e-017	0.998727   	-0.998727  	0          	
1.34627    	-2.72438e-010	2.72438e-010	0          	0          	0          	-3.29759e-017	0.975468   	-0.975468  	0          	
1.35485    	-3.05613e-010	3.05613e-010	0          	0          	0          	-1.17283e-017	0.923588   	-0.923588  	0          	
1.36342    	-3.3595e-010	3.3595e-010	0          	0          	0          	-1.43316e-017	0.84461    	-0.84461   	0          	
1.372      	-3.6256e-010	3.6256e-010	0          	0          	0          	-4.8817e-017	0.74085    	-0.74085   	0          	
1.38057    	-3.84663e-010	3.84663e-010	0          	0          	0          	-6.96112e-017	0.615355   	-0.615355  	0          	
1.38915    	-4.0161e-010	4.0161e-010	0          	0          	0          	-5.91512e-017	0.471803   	-0.471803  	0          	
1.39772    	-4.12903e-010	4.12903e-010	0          	0          	0          	-1.88315e-017	0.314411   	-0.314411  	0          	
1.4063     	-4.18212e-010	4.18212e-010	0          	0          	0          	1.08255e-017	0.147793   	-0.147793  	0          	
1.41487    	-4.1738e-010	4.1738e-010	0          	0          	0          	-9.32611e-019	-0.0231627 	0.0231627  	0          	
1.42345    	-4.10432e-010	4.10432e-010	0          	0          	0          	-3.71599e-017	-0.193437  	0.193437   	0          	
1.43202    	-3.97572e-010	3.97571e-010	0          	0          	0          	-6.11442e-017	-0.358036  	0.358036   	0          	
1.4406     	-3.79176e-010	3.79176e-010	0          	0          	0          	-2.42801e-017	-0.512131  	0.512131   	0          	
1.44918    	-3.55786e-010	3.55786e-010	0          	0          	0          	2.28668e-017	-0.651199  	0.651199   	0          	
1.45775    	-3.28087e-010	3.28087e-010	0          	0          	0          	4.94997e-017	-0.771162  	0.771162   	0          	
1.46632    	-2.96891e-010	2.96891e-010	0          	0          	0          	6.40705e-019	-0.868498  	0.868498   	0          	
1.4749     	-2.63115e-010	2.63115e-010	0          	0          	0          	-7.08886e-017	-0.940352  	0.940352   	0          	
1.48347    	-2.27749e-010	2.27749e-010	0          	0          	0          	-1.35816e-016	-0.984616  	0.984616   	0          	
1.49205    	-1.9183e-010	1.9183e-010	0          	0          	0          	-1.24943e-016	-0.999991  	0.999991   	0          	
1.50063    	-1.56413e-010	1.56413e-010	0          	0          	0          	-4.00646e-017	-0.986027  	0.986027   	0          	
1.5092     	-1.22537e-010	1.22537e-010	0          	0          	0          	7.76451e-017	-0.943132  	0.943132   	0          	
1.51777    	-9.11953e-011	9.11953e-011	0          	0          	0          	1.45497e-016	-0.872565  	0.872565   	0          	
1.52635    	-6.3308e-011	6.33079e-011	0          	0          	0          	1.22477e-016	-0.776397  	0.776397   	0          	
1.53492    	-3.96932e-011	3.9693e-011	0          	0          	0          	2.75432e-017	-0.657449  	0.657449   	0          	
1.5435     	-2.10436e-011	2.10435e-011	0          	0          	0          	-7.57133e-017	-0.519213  	0.519213   	0          	
1.55207    	-7.90664e-012	7.90662e-012	0          	0          	0          	-1.24142e-016	-0.365741  	0.365741   	0          	
1.56065    	-6.67577e-013	6.67621e-013	0          	0          	0          	-9.80598e-017	-0.201539  	0.201539   	0          	
1.56922    	4.61094e-013	-4.61022e-013	0          	0          	0          	-2.84429e-017	-0.0314228 	0.0314228  	0          	
1.5778     	-4.55367e-012	4.55373e-012	0          	0          	0          	3.12457e-017	0.139614   	-0.139614  	0          	
1.58637    	-1.55647e-011	1.55648e-011	0          	0          	0          	4.48695e-017	0.306554   	-0.306554  	0          	
1.59495    	-3.22491e-011	3.22491e-011	0          	0          	0          	1.39454e-017	0.464502   	-0.464502  	0          	
1.60352    	-5.41173e-011	5.41173e-011	0          	0          	0          	-2.96567e-017	0.60882    	-0.60882   	0          	
1.6121     	-8.05275e-011	8.05275e-011	0          	0          	0          	-5.64581e-017	0.735274   	-0.735274  	0          	
1.62067    	-1.10705e-010	1.10705e-010	0          	0          	0          	-6.08428e-017	0.840156   	-0.840156  	0          	
1.62925    	-1.43764e-010	1.43764e-010	0          	0          	0          	-5.64384e-017	0.920388   	-0.920388  	0          	
1.63782    	-1.78735e-010	1.78735e-010	0          	0          	0          	-6.35847e-017	0.973615   	-0.973615  	0          	
1.6464     	-2.14592e-010	2.14592e-010	0          	0          	0          	-9.9306e-017	0.998276   	-0.998276  	0          	
1.65497    	-2.50283e-010	2.50283e-010	0          	0          	0          	-1.47264e-016	0.993648   	-0.993648  	0          	
1.66355    	-2.8476e-010	2.8476e-010	0          	0          	0          	-1.53072e-016	0.959866   	-0.959866  	0          	
1.67212    	-3.17013e-010	3.17013e-010	0          	0          	0          	-1.0657e-016	0.89792    	-0.89792   	0          	
1.6807     	-3.46094e-010	3.46094e-010	0          	0          	0          	-1.71736e-017	0.80963    	-0.80963   	0          	
1.68927    	-3.7115e-010	3.7115e-010	0          	0          	0          	5.55598e-017	0.697584   	-0.697584  	0          	
1.69785    	-3.91447e-010	3.91447e-010	0          	0          	0          	7.726e-017 	0.565073   	-0.565073  	0          	
1.70642    	-4.06388e-010	4.06388e-010	0          	0          	0          	1.97026e-017	0.415981   	-0.415981  	0          	
1.715      	-4.15536e-010	4.15536e-010	0          	0          	0          	-5.1281e-017	0.254683   	-0.254683  	0          	
1.72357    	-4.18622e-010	4.18622e-010	0          	0          	0          	-7.44344e-017	0.0859166  	-0.0859166 	0          	
1.73215    	-4.15556e-010	4.15556e-010	0          	0          	0          	-2.10215e-017	-0.0853745 	0.0853745  	0          	
1.74072    	-4.06427e-010	4.06427e-010	0          	0          	0          	4.25489e-017	-0.254161  	0.254161   	0          	
1.7493     	-3.91503e-010	3.91503e-010	0          	0          	0          	6.72081e-017	-0.415486  	0.415486   	0          	
1.75787    	-3.71222e-010	3.71222e-010	0          	0          	0          	7.69421e-018	-0.564624  	0.564624   	0          	
1.76645    	-3.4618e-010	3.4618e-010	0          	0          	0          	-9.91541e-017	-0.697197  	0.697197   	0          	
1.77503    	-3.1711e-010	3.1711e-010	0          	0          	0          	-1.772e-016	-0.80931   	0.80931    	0          	
1.7836     	-2.84867e-010	2.84867e-010	0          	0          	0          	-1.49986e-016	-0.897681  	0.897681   	0          	
1.79217    	-2.50395e-010	2.50395e-010	0          	0          	0          	-6.47203e-017	-0.959713  	0.959713   	0          	
1.80075    	-2.14706e-010	2.14706e-010	0          	0          	0          	1.43687e-017	-0.993587  	0.993587   	0          	
1.80932    	-1.78848e-010	1.78848e-010	0          	0          	0          	3.46309e-017	-0.998308  	0.998308   	0          	
1.8179     	-1.43872e-010	1.43872e-010	0          	0          	0          	-8.64132e-018	-0.973739  	0.973739   	0          	
1.82647    	-1.10806e-010	1.10805e-010	0          	0          	0          	-6.09669e-017	-0.920599  	0.920599   	0          	
1.83505    	-8.06175e-011	8.06175e-011	0          	0          	0          	-6.15765e-017	-0.840451  	0.840451   	0          	
1.84362    	-5.41941e-011	5.41941e-011	0          	0          	0          	-1.26323e-017	-0.735642  	0.735642   	0          	
1.8522     	-3.23106e-011	3.23105e-011	0          	0          	0          	3.9159e-017	-0.609249  	0.609249   	0          	
1.86077    	-1.56089e-011	1.56088e-011	0          	0          	0          	4.42675e-017	-0.464983  	0.464983   	0          	
1.86935    	-4.57922e-012	4.57908e-012	0          	0          	0          	-4.73921e-018	-0.307072  	0.307072   	0          	
1.87792    	4.54835e-013	-4.54974e-013	0          	0          	0          	-6.44069e-017	-0.140151  	0.140151   	0          	
1.8865     	-6.54303e-013	6.54223e-013	0          	0          	0          	-7.92843e-017	0.030879   	-0.030879  	0          	
1.89507    	-7.87422e-012	7.87421e-012	0          	0          	0          	-2.9468e-017	0.201006   	-0.201006  	0          	
1.90365    	-2.09931e-011	2.09931e-011	0          	0          	0          	5.4208e-017	0.365236   	-0.365236  	0          	
1.91222    	-3.9626e-011	3.96259e-011	0          	0          	0          	1.14735e-016	0.518749   	-0.518749  	0          	
1.9208     	-6.32261e-011	6.3226e-011	0          	0          	0          	1.13449e-016	0.657039   	-0.657039  	0          	
1.92937    	-9.11011e-011	9.11009e-011	0          	0          	0          	5.28196e-017	0.776055   	-0.776055  	0          	
1.93795    	-1.22433e-010	1.22433e-010	0          	0          	0          	-2.84583e-017	0.8723     	-0.8723    	0          	
1.94652    	-1.56303e-010	1.56303e-010	0          	0          	0          	-7.33486e-017	0.942951   	-0.942951  	0          	
1.9551     	-1.91717e-010	1.91716e-010	0          	0          	0          	-6.6375e-017	0.985936   	-0.985936  	0          	
1.96367    	-2.27635e-010	2.27635e-010	0          	0          	0          	-3.29111e-017	0.999994   	-0.999994  	0          	
1.97225    	-2.63005e-010	2.63005e-010	0          	0          	0          	2.28592e-018	0.984711   	-0.984711  	0          	
1.98082    	-2.96788e-010	2.96788e-010	0          	0          	0          	2.56325e-017	0.940537   	-0.940537  	0          	
1.9894     	-3.27993e-010	3.27993e-010	0          	0          	0          	2.34562e-017	0.868767   	-0.868767  	0          	
