T          	Er(t)      	Ephi(t)    	Ez(t)      	Hr(t)      	Hphi(t)    	Hz(t)      	Jr(t)      	Jphi(t)    	Jz(t)      
0          	0          	0          	0          	0          	0          	0          	0.478562   	-0.478562  	0          	
0.06125    	0          	0          	0          	0          	0          	0          	0.457146   	-0.457146  	0          	
0.1225     	0          	1.99271e-013	0          	8.71041e-021	9.01077e-021	9.96354e-014	0.435793   	-0.435791  	-4.56416e-012	
0.18375    	1.66059e-015	1.08151e-012	-4.65056e-021	4.71966e-020	4.86827e-020	6.14622e-013	0.414546   	-0.414533  	-1.7777e-011	
0.245      	1.19043e-014	3.35259e-012	-2.85771e-020	1.45993e-019	1.50082e-019	2.11264e-012	0.393445   	-0.393409  	-4.31901e-011	
0.30625    	4.71149e-014	7.78571e-012	-9.77861e-020	3.38141e-019	3.46369e-019	5.33015e-012	0.372533   	-0.372452  	-8.37784e-011	
0.3675     	1.35951e-013	1.50724e-011	-2.45507e-019	6.5256e-019	6.66092e-019	1.10165e-011	0.351851   	-0.351694  	-1.41906e-010	
0.42875    	3.1956e-013	2.57533e-011	-5.04898e-019	1.11102e-018	1.13043e-018	1.97973e-011	0.331439   	-0.331165  	-2.19304e-010	
0.49       	6.49515e-013	4.02355e-011	-9.03023e-019	1.72901e-018	1.75439e-018	3.21248e-011	0.311338   	-0.310894  	-3.17053e-010	
0.55125    	1.18493e-012	5.88464e-011	-1.45909e-018	2.5182e-018	2.54938e-018	4.83147e-011	0.291584   	-0.290908  	-4.35586e-010	
0.6125     	1.99017e-012	8.18661e-011	-2.18649e-018	3.48798e-018	3.52445e-018	6.86112e-011	0.272213   	-0.271233  	-5.74694e-010	
0.67375    	3.1337e-012	1.09515e-010	-3.09577e-018	4.64495e-018	4.68546e-018	9.32193e-011	0.25326    	-0.251893  	-7.33547e-010	
0.735      	4.68735e-012	1.41916e-010	-4.19562e-018	5.99132e-018	6.03333e-018	1.22283e-010	0.234757   	-0.232909  	-9.10733e-010	
0.79625    	6.72539e-012	1.79069e-010	-5.49147e-018	7.52382e-018	7.56307e-018	1.55839e-010	0.216732   	-0.214302  	-1.10432e-009	
0.8575     	9.32271e-012	2.20857e-010	-6.98336e-018	9.23402e-018	9.26436e-018	1.93793e-010	0.199211   	-0.196091  	-1.31193e-009	
0.91875    	1.25526e-011	2.67066e-010	-8.66504e-018	1.11095e-017	1.11228e-017	2.3593e-010	0.182218   	-0.178293  	-1.53088e-009	
0.98       	1.64848e-011	3.17411e-010	-1.05249e-017	1.31347e-017	1.31208e-017	2.81948e-010	0.165773   	-0.160922  	-1.75836e-009	
1.04125    	2.11839e-011	3.71532e-010	-1.25475e-017	1.52913e-017	1.52373e-017	3.31481e-010	0.149894   	-0.143992  	-1.99153e-009	
1.1025     	2.67086e-011	4.28983e-010	-1.47147e-017	1.75573e-017	1.74472e-017	3.841e-010 	0.134595   	-0.127518  	-2.22772e-009	
1.16375    	3.31102e-011	4.89228e-010	-1.70047e-017	1.99073e-017	1.97216e-017	4.39294e-010	0.119888   	-0.111511  	-2.4645e-009	
1.225      	4.04318e-011	5.51651e-010	-1.93918e-017	2.23127e-017	2.20284e-017	4.96464e-010	0.105781   	-0.0959832 	-2.69967e-009	
1.28625    	4.87062e-011	6.15579e-010	-2.1846e-017	2.4743e-017	2.43335e-017	5.54941e-010	0.0922815  	-0.0809463 	-2.93127e-009	
1.3475     	5.79552e-011	6.8031e-010	-2.43342e-017	2.71669e-017	2.66024e-017	6.14011e-010	0.0793937  	-0.0664105 	-3.15744e-009	
1.40875    	6.81887e-011	7.45114e-010	-2.68221e-017	2.95525e-017	2.87997e-017	6.72946e-010	0.0671196  	-0.0523851 	-3.37647e-009	
1.47       	7.94045e-011	8.09243e-010	-2.92746e-017	3.18678e-017	3.08901e-017	7.3101e-010	0.0554593  	-0.038878  	-3.5867e-009	
1.53125    	9.1588e-011	8.7194e-010	-3.16566e-017	3.40807e-017	3.28384e-017	7.87462e-010	0.0444107  	-0.0258956 	-3.78664e-009	
1.5925     	1.04712e-010	9.32453e-010	-3.39325e-017	3.61603e-017	3.46112e-017	8.4156e-010	0.0339698  	-0.0134433 	-3.97496e-009	
1.65375    	1.18738e-010	9.90075e-010	-3.60673e-017	3.80779e-017	3.61785e-017	8.92586e-010	0.0241309  	-0.00152553	-4.15052e-009	
1.715      	1.33615e-010	1.04417e-009	-3.80282e-017	3.98087e-017	3.7515e-017	9.39884e-010	0.0148866  	0.00985432 	-4.31234e-009	
1.77625    	1.4928e-010	1.09421e-009	-3.97862e-017	4.13327e-017	3.86018e-017	9.82896e-010	0.00622803 	0.0206939  	-4.45959e-009	
1.8375     	1.65661e-010	1.13977e-009	-4.13179e-017	4.26356e-017	3.94266e-017	1.02118e-009	-0.00185507	0.030992   	-4.59153e-009	
1.89875    	1.82681e-010	1.18059e-009	-4.26065e-017	4.37098e-017	3.99854e-017	1.05445e-009	-0.00937435	0.0407486  	-4.70755e-009	
1.96       	2.00255e-010	1.21655e-009	-4.36427e-017	4.45546e-017	4.02819e-017	1.08255e-009	-0.0163426 	0.049965   	-4.80716e-009	
2.02125    	2.18297e-010	1.24772e-009	-4.44247e-017	4.51764e-017	4.03275e-017	1.10548e-009	-0.0227738 	0.0586432  	-4.88999e-009	
2.0825     	2.36722e-010	1.27426e-009	-4.49583e-017	4.55874e-017	4.01385e-017	1.1234e-009	-0.0286828 	0.0667858  	-4.95584e-009	
2.14375    	2.55445e-010	1.29644e-009	-4.5256e-017	4.58026e-017	3.97325e-017	1.13659e-009	-0.0340855 	0.0743954  	-5.00455e-009	
2.205      	2.74389e-010	1.31451e-009	-4.53337e-017	4.5837e-017	3.91248e-017	1.14534e-009	-0.0389983 	0.0814743  	-5.03601e-009	
2.26625    	2.93478e-010	1.32868e-009	-4.5207e-017	4.57027e-017	3.83266e-017	1.14994e-009	-0.0434386 	0.0880237  	-5.05007e-009	
2.3275     	3.12643e-010	1.33906e-009	-4.48885e-017	4.54083e-017	3.73449e-017	1.15059e-009	-0.0474244 	0.094043   	-5.04648e-009	
2.38875    	3.3182e-010	1.3457e-009	-4.4386e-017	4.4959e-017	3.61854e-017	1.14741e-009	-0.0509743 	0.0995299  	-5.02487e-009	
2.45       	3.50943e-010	1.34865e-009	-4.37041e-017	4.43592e-017	3.48552e-017	1.14048e-009	-0.0541074 	0.104481   	-4.98469e-009	
2.51125    	3.69951e-010	1.34796e-009	-4.28473e-017	4.3615e-017	3.3365e-017	1.12985e-009	-0.0568437 	0.108894   	-4.92535e-009	
2.5725     	3.88782e-010	1.34376e-009	-4.18232e-017	4.27346e-017	3.17294e-017	1.11567e-009	-0.0592034 	0.112774   	-4.84642e-009	
2.63375    	4.07377e-010	1.33626e-009	-4.06433e-017	4.17292e-017	2.99648e-017	1.09812e-009	-0.0612069 	0.116141   	-4.74805e-009	
2.695      	4.25679e-010	1.32566e-009	-3.93222e-017	4.06106e-017	2.80869e-017	1.07745e-009	-0.0628751 	0.119033   	-4.63152e-009	
2.75625    	4.43636e-010	1.31217e-009	-3.78754e-017	3.93896e-017	2.61079e-017	1.0539e-009	-0.0642281 	0.121508   	-4.49971e-009	
2.8175     	4.61201e-010	1.29593e-009	-3.63161e-017	3.80746e-017	2.4037e-017	1.02767e-009	-0.0652853 	0.123642   	-4.35715e-009	
2.87875    	4.78329e-010	1.27705e-009	-3.46543e-017	3.66715e-017	2.18804e-017	9.98917e-010	-0.0660648 	0.125511   	-4.20961e-009	
2.94       	4.94978e-010	1.25557e-009	-3.28967e-017	3.51846e-017	1.96438e-017	9.67746e-010	-0.0665828 	0.127174   	-4.06287e-009	
3.00125    	5.11107e-010	1.23158e-009	-3.10483e-017	3.36181e-017	1.73321e-017	9.34238e-010	-0.0668544 	0.128652   	-3.92128e-009	
3.0625     	5.26677e-010	1.20511e-009	-2.91132e-017	3.19762e-017	1.49485e-017	8.98473e-010	-0.0668935 	0.129917   	-3.78641e-009	
3.12375    	5.41652e-010	1.17624e-009	-2.70946e-017	3.02624e-017	1.24905e-017	8.60529e-010	-0.0667142 	0.130894   	-3.65659e-009	
3.185      	5.55994e-010	1.14494e-009	-2.49926e-017	2.8478e-017	9.94953e-018	8.20455e-010	-0.0663317 	0.131489   	-3.52767e-009	
3.24625    	5.69668e-010	1.11116e-009	-2.28015e-017	2.66214e-017	7.31285e-018	7.78247e-010	-0.0657632 	0.131616   	-3.39476e-009	
3.3075     	5.82639e-010	1.07481e-009	-2.05102e-017	2.46906e-017	4.57289e-018	7.33855e-010	-0.065028  	0.131232   	-3.25418e-009	
3.36875    	5.9487e-010	1.03591e-009	-1.81078e-017	2.26884e-017	1.74099e-018	6.87264e-010	-0.0641465 	0.130348   	-3.10454e-009	
3.43       	6.06324e-010	9.94772e-010	-1.55943e-017	2.06302e-017	-1.13768e-018	6.38642e-010	-0.0631395 	0.129023   	-2.94622e-009	
3.49125    	6.16968e-010	9.52149e-010	-1.29955e-017	1.85505e-017	-3.97398e-018	5.88515e-010	-0.0620269 	0.127332   	-2.77963e-009	
3.5525     	6.26777e-010	9.09326e-010	-1.03764e-017	1.65057e-017	-6.63557e-018	5.37894e-010	-0.0608266 	0.125343   	-2.6032e-009	
3.61375    	6.35742e-010	8.68041e-010	-7.84678e-018	1.45703e-017	-8.96354e-018	4.88292e-010	-0.0595543 	0.123094   	-2.41284e-009	
3.675      	6.4388e-010	8.30209e-010	-5.55281e-018	1.28241e-017	-1.08064e-017	4.41545e-010	-0.0582244 	0.120603   	-2.20354e-009	
3.73625    	6.51239e-010	7.97446e-010	-3.65212e-018	1.13311e-017	-1.20671e-017	3.9944e-010	-0.0568501 	0.117885   	-1.9726e-009	
3.7975     	6.57897e-010	7.70476e-010	-2.27307e-018	1.01143e-017	-1.27509e-017	3.63176e-010	-0.0554443 	0.114974   	-1.72247e-009	
3.85875    	6.6395e-010	7.48564e-010	-1.46645e-018	9.13206e-018	-1.29945e-017	3.32778e-010	-0.0540187 	0.111926   	-1.46131e-009	
3.92       	6.69496e-010	7.29241e-010	-1.16542e-018	8.26802e-018	-1.30567e-017	3.06671e-010	-0.052584  	0.108801   	-1.20056e-009	
3.98125    	6.74607e-010	7.08545e-010	-1.17307e-018	7.34383e-018	-1.326e-017	2.81635e-010	-0.0511493 	0.105638   	-9.50616e-010	
4.0425     	6.79301e-010	6.81896e-010	-1.19396e-018	6.15903e-018	-1.38941e-017	2.53349e-010	-0.049722  	0.102435   	-7.1737e-010	
4.10375    	6.83523e-010	6.45462e-010	-9.10743e-019	4.55127e-018	-1.5116e-017	2.17504e-010	-0.0483087 	0.0991574  	-5.01676e-010	
4.165      	6.87148e-010	5.9759e-010	-8.47452e-020	2.45733e-018	-1.68943e-017	1.71228e-010	-0.046916  	0.095762   	-3.01852e-010	
4.22625    	6.90002e-010	5.3969e-010	1.36028e-018	-5.08944e-020	-1.90337e-017	1.14299e-010	-0.0455513 	0.0922252  	-1.1712e-010	
4.2875     	6.91907e-010	4.76069e-010	3.31523e-018	-2.7766e-018	-2.12787e-017	4.95775e-011	-0.0442224 	0.0885522  	5.08205e-011	
4.34875    	6.92733e-010	4.12623e-010	5.54542e-018	-5.45748e-018	-2.34507e-017	-1.76861e-011	-0.0429372 	0.0847649  	1.99453e-010	
4.41       	6.92439e-010	3.54807e-010	7.81314e-018	-7.8545e-018	-2.55421e-017	-8.15479e-011	-0.0417027 	0.0808788  	3.29041e-010	
4.47125    	6.9108e-010	3.05744e-010	1.00024e-017	-9.83239e-018	-2.77035e-017	-1.37426e-010	-0.0405254 	0.0768877  	4.45117e-010	
4.5325     	6.88789e-010	2.65368e-010	1.21721e-017	-1.13944e-017	-3.01165e-017	-1.83611e-010	-0.0394108 	0.0727706  	5.57476e-010	
4.59375    	6.85729e-010	2.31018e-010	1.44941e-017	-1.26543e-017	-3.28134e-017	-2.21502e-010	-0.0383647 	0.0685137  	6.7593e-010	
4.655      	6.82037e-010	1.99198e-010	1.70974e-017	-1.37603e-017	-3.55553e-017	-2.54439e-010	-0.0373928 	0.0641304  	8.0574e-010	
4.71625    	6.77797e-010	1.67551e-010	1.99039e-017	-1.48119e-017	-3.78616e-017	-2.85724e-010	-0.0365006 	0.0596616  	9.46045e-010	
4.7775     	6.73034e-010	1.35952e-010	2.25645e-017	-1.58171e-017	-3.92025e-017	-3.16911e-010	-0.0356929 	0.0551569  	1.09234e-009	
4.83875    	6.67753e-010	1.06111e-010	2.45593e-017	-1.67121e-017	-3.92639e-017	-3.47298e-010	-0.0349729 	0.0506502  	1.24081e-009	
4.9        	6.61964e-010	7.99559e-011	2.54301e-017	-1.74316e-017	-3.81319e-017	-3.74895e-010	-0.0343426 	0.0461514  	1.3909e-009	
4.96125    	6.55716e-010	5.78358e-011	2.5026e-017	-1.79814e-017	-3.62764e-017	-3.98245e-010	-0.0338029 	0.0416587  	1.544e-009 	
5.0225     	6.49079e-010	3.77327e-011	2.36118e-017	-1.84666e-017	-3.43241e-017	-4.17921e-010	-0.0333544 	0.0371815  	1.69951e-009	
5.08375    	6.42113e-010	1.60729e-011	2.17604e-017	-1.90507e-017	-3.27511e-017	-4.36693e-010	-0.0329977 	0.0327533  	1.85198e-009	
5.145      	6.34835e-010	-1.0314e-011	2.00769e-017	-1.98695e-017	-3.16811e-017	-4.58177e-010	-0.0327324 	0.028424   	1.99213e-009	
5.20625    	6.27199e-010	-4.23282e-011	1.8914e-017	-2.09536e-017	-3.09203e-017	-4.84776e-010	-0.0325571 	0.0242384  	2.11133e-009	
5.2675     	6.19119e-010	-7.80668e-011	1.82559e-017	-2.22115e-017	-3.0202e-017	-5.16234e-010	-0.0324693 	0.0202198  	2.20597e-009	
5.32875    	6.10515e-010	-1.14021e-010	1.78442e-017	-2.34857e-017	-2.9467e-017	-5.49791e-010	-0.0324649 	0.0163728  	2.27822e-009	
5.39       	6.01352e-010	-1.47233e-010	1.74568e-017	-2.46465e-017	-2.89711e-017	-5.81872e-010	-0.0325398 	0.0127025  	2.33253e-009	
5.45125    	5.91654e-010	-1.76971e-010	1.71415e-017	-2.56607e-017	-2.91274e-017	-6.10219e-010	-0.0326893 	0.00923257 	2.37099e-009	
5.5125     	5.81484e-010	-2.04776e-010	1.72264e-017	-2.6589e-017	-3.01846e-017	-6.35031e-010	-0.0329085 	0.00600601 	2.39168e-009	
5.57375    	5.709e-010 	-2.32888e-010	1.80853e-017	-2.75164e-017	-3.19733e-017	-6.58348e-010	-0.0331919 	0.00306734 	2.39125e-009	
5.635      	5.59928e-010	-2.62212e-010	1.98191e-017	-2.84679e-017	-3.39236e-017	-6.82154e-010	-0.0335325 	0.000442524	2.36926e-009	
5.69625    	5.48558e-010	-2.91318e-010	2.20892e-017	-2.9372e-017	-3.53627e-017	-7.06572e-010	-0.0339227 	-0.00186636	2.33031e-009	
5.7575     	5.36782e-010	-3.17253e-010	2.42462e-017	-3.01015e-017	-3.58949e-017	-7.29498e-010	-0.0343543 	-0.00386746	2.28151e-009	
5.81875    	5.24624e-010	-3.37536e-010	2.56825e-017	-3.05601e-017	-3.55912e-017	-7.47949e-010	-0.0348191 	-0.00555988	2.22767e-009	
5.88       	5.12158e-010	-3.51861e-010	2.61675e-017	-3.07501e-017	-3.48479e-017	-7.60116e-010	-0.0353092 	-0.00692686	2.16821e-009	
5.94125    	4.99489e-010	-3.62166e-010	2.5923e-017	-3.07685e-017	-3.40225e-017	-7.66589e-010	-0.0358166 	-0.00794785	2.09869e-009	
6.0025     	4.86713e-010	-3.71019e-010	2.53827e-017	-3.07325e-017	-3.31286e-017	-7.69784e-010	-0.036333  	-0.00861862	2.01556e-009	
6.06375    	4.73883e-010	-3.79541e-010	2.48172e-017	-3.06913e-017	-3.1833e-017	-7.72002e-010	-0.0368495 	-0.00896085	1.91985e-009	
6.125      	4.61017e-010	-3.86466e-010	2.41164e-017	-3.05921e-017	-2.97606e-017	-7.736e-010	-0.0373578 	-0.00901266	1.81652e-009	
6.18625    	4.48123e-010	-3.89088e-010	2.29009e-017	-3.0325e-017	-2.68647e-017	-7.72683e-010	-0.03785   	-0.00880875	1.71013e-009	
6.2475     	4.35245e-010	-3.85329e-010	2.08786e-017	-2.98128e-017	-2.35558e-017	-7.66555e-010	-0.0383192 	-0.00836835	1.60098e-009	
6.30875    	4.22469e-010	-3.75311e-010	1.81586e-017	-2.90722e-017	-2.04677e-017	-7.53802e-010	-0.0387596 	-0.00770126	1.4855e-009	
6.37       	4.09906e-010	-3.6117e-010	1.52596e-017	-2.81998e-017	-1.80308e-017	-7.35357e-010	-0.0391657 	-0.00682551	1.3605e-009	
6.43125    	3.9765e-010	-3.45294e-010	1.27855e-017	-2.72927e-017	-1.61913e-017	-7.1371e-010	-0.0395322 	-0.00577884	1.22748e-009	
6.4925     	3.85755e-010	-3.28419e-010	1.10158e-017	-2.63715e-017	-1.45029e-017	-6.90928e-010	-0.0398548 	-0.00461265	1.09286e-009	
6.55375    	3.74239e-010	-3.09154e-010	9.73492e-018	-2.53671e-017	-1.2522e-017	-6.67079e-010	-0.0401298 	-0.00337296	9.63921e-010	
6.615      	3.63121e-010	-2.85317e-010	8.44249e-018	-2.41845e-017	-1.01831e-017	-6.40369e-010	-0.0403552 	-0.00208571	8.44065e-010	
6.67625    	3.52448e-010	-2.55976e-010	6.77863e-018	-2.2789e-017	-7.84513e-018	-6.08853e-010	-0.0405298 	-0.000758973	7.31784e-010	
6.7375     	3.42301e-010	-2.22509e-010	4.81775e-018	-2.12458e-017	-5.96871e-018	-5.72332e-010	-0.0406529 	0.000600898	6.24186e-010	
6.79875    	3.32762e-010	-1.87791e-010	2.98886e-018	-1.96784e-017	-4.69871e-018	-5.32844e-010	-0.0407242 	0.00197525 	5.21582e-010	
6.86       	3.23881e-010	-1.54204e-010	1.68918e-018	-1.81821e-017	-3.71143e-018	-4.93364e-010	-0.0407435 	0.0033347  	4.28693e-010	
6.92125    	3.15659e-010	-1.2213e-010	9.18537e-019	-1.67648e-017	-2.46704e-018	-4.55782e-010	-0.0407111 	0.00465456 	3.51215e-010	
6.9825     	3.08062e-010	-9.0192e-011	2.51008e-019	-1.53646e-017	-6.61286e-019	-4.19854e-010	-0.0406281 	0.0059289  	2.90961e-010	
7.04375    	3.01065e-010	-5.6987e-011	-8.21739e-019	-1.39268e-017	1.50696e-018	-3.83982e-010	-0.0404962 	0.00716939 	2.44221e-010	
7.105      	2.94665e-010	-2.28271e-011	-2.45977e-018	-1.24746e-017	3.48603e-018	-3.47132e-010	-0.0403171 	0.00838943 	2.04932e-010	
7.16625    	2.88879e-010	1.00447e-011	-4.32398e-018	-1.11098e-017	4.81706e-018	-3.1022e-010	-0.0400922 	0.00958828 	1.69715e-010	
7.2275     	2.83709e-010	3.89478e-011	-5.84008e-018	-9.94378e-018	5.49499e-018	-2.75789e-010	-0.0398227 	0.0107495  	1.40053e-010	
7.28875    	2.79113e-010	6.26911e-011	-6.65811e-018	-9.01689e-018	5.93351e-018	-2.46212e-010	-0.03951   	0.0118544  	1.19622e-010	
7.35       	2.75009e-010	8.22785e-011	-6.916e-018	-8.27596e-018	6.56546e-018	-2.21994e-010	-0.039156  	0.0128969  	1.09475e-010	
7.41125    	2.71309e-010	9.98023e-011	-7.08059e-018	-7.62798e-018	7.43062e-018	-2.01592e-010	-0.0387629 	0.0138857  	1.05842e-010	
7.4725     	2.67949e-010	1.1651e-010	-7.50513e-018	-7.02277e-018	8.11858e-018	-1.82914e-010	-0.0383332 	0.0148309  	1.02754e-010	
7.53375    	2.64901e-010	1.31739e-010	-8.09262e-018	-6.49196e-018	8.12373e-018	-1.6516e-010	-0.037869  	0.0157298  	9.70543e-011	
7.595      	2.62148e-010	1.43646e-010	-8.36558e-018	-6.11089e-018	7.30291e-018	-1.49413e-010	-0.0373724 	0.0165648  	9.09604e-011	
7.65625    	2.59658e-010	1.51055e-010	-7.88713e-018	-5.91851e-018	6.0287e-018	-1.3748e-010	-0.0368455 	0.0173161  	8.97245e-011	
7.7175     	2.57366e-010	1.54762e-010	-6.66475e-018	-5.86752e-018	4.89628e-018	-1.30031e-010	-0.0362909 	0.0179772  	9.66255e-011	
7.77875    	2.55199e-010	1.57133e-010	-5.17656e-018	-5.85017e-018	4.23839e-018	-1.25704e-010	-0.0357118 	0.018558   	1.1012e-010	
7.84       	2.53104e-010	1.60313e-010	-3.98999e-018	-5.77766e-018	3.8774e-018	-1.2199e-010	-0.0351112 	0.0190728  	1.25846e-010	
7.90125    	2.51071e-010	1.64644e-010	-3.30517e-018	-5.64343e-018	3.335e-018 	-1.17123e-010	-0.0344919 	0.019526   	1.41423e-010	
7.9625     	2.49119e-010	1.68657e-010	-2.82617e-018	-5.51512e-018	2.30983e-018	-1.11334e-010	-0.0338564 	0.0199082  	1.59273e-010	
8.02375    	2.47263e-010	1.7062e-010	-2.07407e-018	-5.46389e-018	9.89941e-019	-1.06365e-010	-0.0332072 	0.0202076  	1.84587e-010	
8.085      	2.45491e-010	1.70227e-010	-8.59906e-019	-5.4954e-018	-8.73198e-020	-1.03718e-010	-0.0325468 	0.0204238  	2.20373e-010	
8.14625    	2.43762e-010	1.68908e-010	5.10634e-019	-5.54454e-018	-5.05566e-019	-1.0322e-010	-0.0318782 	0.0205719  	2.64381e-010	
8.2075     	2.42042e-010	1.68504e-010	1.49017e-018	-5.5374e-018	-3.4477e-019	-1.03175e-010	-0.0312041 	0.0206715  	3.10915e-010	
8.26875    	2.40322e-010	1.69531e-010	1.77554e-018	-5.46287e-018	-1.17822e-019	-1.01949e-010	-0.0305269 	0.0207312  	3.55789e-010	
8.33       	2.38623e-010	1.70646e-010	1.58709e-018	-5.3877e-018	-3.21379e-019	-9.95157e-011	-0.0298484 	0.020745   	3.99594e-010	
8.39125    	2.36964e-010	1.6979e-010	1.48437e-018	-5.40037e-018	-1.00704e-018	-9.75487e-011	-0.0291703 	0.0207019  	4.46148e-010	
8.4525     	2.35339e-010	1.66001e-010	1.88056e-018	-5.53467e-018	-1.76311e-018	-9.79674e-011	-0.0284946 	0.0206001  	4.97729e-010	
8.51375    	2.33706e-010	1.60235e-010	2.69398e-018	-5.7418e-018	-2.12255e-018	-1.01243e-010	-0.0278233 	0.0204519  	5.51859e-010	
8.575      	2.32018e-010	1.54478e-010	3.45302e-018	-5.93588e-018	-2.02035e-018	-1.06e-010 	-0.0271584 	0.0202733  	6.02888e-010	
8.63625    	2.30252e-010	1.49965e-010	3.75742e-018	-6.07054e-018	-1.87548e-018	-1.10257e-010	-0.0265016 	0.0200709  	6.46868e-010	
8.6975     	2.28414e-010	1.46146e-010	3.67087e-018	-6.17629e-018	-2.21747e-018	-1.13166e-010	-0.0258541 	0.0198371  	6.84928e-010	
8.75875    	2.26528e-010	1.41332e-010	3.68066e-018	-6.32539e-018	-3.19967e-018	-1.15665e-010	-0.0252171 	0.0195594  	7.21857e-010	
8.82       	2.246e-010 	1.3439e-010	4.25726e-018	-6.55789e-018	-4.44965e-018	-1.19467e-010	-0.0245919 	0.0192347  	7.61269e-010	
8.88125    	2.22609e-010	1.25915e-010	5.41777e-018	-6.83803e-018	-5.39795e-018	-1.25342e-010	-0.0239799 	0.0188739  	8.02128e-010	
8.9425     	2.2052e-010	1.17786e-010	6.69739e-018	-7.08174e-018	-5.78296e-018	-1.32289e-010	-0.0233827 	0.0184929  	8.40023e-010	
9.00375    	2.18315e-010	1.11526e-010	7.55842e-018	-7.22939e-018	-5.86497e-018	-1.38357e-010	-0.0228014 	0.0180988  	8.71856e-010	
9.065      	2.16009e-010	1.06994e-010	7.86146e-018	-7.29646e-018	-6.15244e-018	-1.42347e-010	-0.0222367 	0.0176857  	8.99232e-010	
9.12625    	2.13637e-010	1.02609e-010	7.96452e-018	-7.35539e-018	-6.89855e-018	-1.44832e-010	-0.0216892 	0.017243   	9.27123e-010	
9.1875     	2.11223e-010	9.68828e-011	8.36003e-018	-7.46636e-018	-7.84226e-018	-1.47542e-010	-0.0211596 	0.0167695  	9.59103e-010	
9.24875    	2.08764e-010	8.98164e-011	9.1906e-018	-7.62207e-018	-8.4395e-018	-1.51719e-010	-0.0206488 	0.0162767  	9.93868e-010	
9.31       	2.06235e-010	8.28684e-011	1.00983e-017	-7.75747e-018	-8.36937e-018	-1.56972e-010	-0.0201576 	0.0157808  	1.0265e-009	
9.37125    	2.03619e-010	7.75404e-011	1.05507e-017	-7.81452e-018	-7.83936e-018	-1.61687e-010	-0.0196864 	0.015289   	1.05322e-009	
9.4325     	2.00924e-010	7.39294e-011	1.03399e-017	-7.80003e-018	-7.40014e-018	-1.64586e-010	-0.0192354 	0.0147956  	1.0749e-009	
9.49375    	1.98181e-010	7.06123e-011	9.78553e-018	-7.78194e-018	-7.442e-018	-1.6596e-010	-0.0188044 	0.0142899  	1.09584e-009	
9.555      	1.95415e-010	6.5966e-011	9.44797e-018	-7.82757e-018	-7.846e-018	-1.67419e-010	-0.0183935 	0.0137696  	1.11915e-009	
9.61625    	1.92625e-010	5.96741e-011	9.61981e-018	-7.94226e-018	-8.11831e-018	-1.70396e-010	-0.0180028 	0.0132447  	1.14325e-009	
9.6775     	1.89785e-010	5.3002e-011	1.00713e-017	-8.06606e-018	-7.87936e-018	-1.74821e-010	-0.0176327 	0.0127295  	1.1632e-009	
9.73875    	1.86871e-010	4.75927e-011	1.02891e-017	-8.13102e-018	-7.24203e-018	-1.79204e-010	-0.017283  	0.0122296  	1.17542e-009	
9.8        	1.83885e-010	4.39302e-011	9.98165e-018	-8.12475e-018	-6.71763e-018	-1.82041e-010	-0.0169533 	0.0117379  	1.18118e-009	
9.86125    	1.80851e-010	4.09232e-011	9.37085e-018	-8.10001e-018	-6.73658e-018	-1.83207e-010	-0.0166431 	0.0112428  	1.1853e-009	
9.9225     	1.77797e-010	3.69886e-011	8.9918e-018	-8.12213e-018	-7.23892e-018	-1.84028e-010	-0.0163519 	0.0107414  	1.19149e-009	
9.98375    	1.7473e-010	3.15935e-011	9.18847e-018	-8.20482e-018	-7.72587e-018	-1.85978e-010	-0.0160796 	0.0102431  	1.19875e-009	
10.045     	1.7163e-010	2.57861e-011	9.78389e-018	-8.29561e-018	-7.72542e-018	-1.89252e-010	-0.015826  	0.0097612  	1.20272e-009	
10.1062    	1.68476e-010	2.1217e-011	1.024e-017 	-8.32466e-018	-7.22997e-018	-1.92554e-010	-0.0155908 	0.00930086 	1.20029e-009	
10.1675    	1.65267e-010	1.85915e-011	1.01576e-017	-8.27013e-018	-6.68965e-018	-1.94321e-010	-0.0153732 	0.00885509 	1.19307e-009	
10.2288    	1.62028e-010	1.70258e-011	9.6432e-018	-8.17785e-018	-6.56872e-018	-1.94181e-010	-0.0151723 	0.00841301 	1.18606e-009	
10.29      	1.58792e-010	1.49103e-011	9.19338e-018	-8.1171e-018	-6.8908e-018	-1.93287e-010	-0.0149876 	0.00797201 	1.18287e-009	
10.3512    	1.5557e-010	1.14453e-011	9.2093e-018	-8.11507e-018	-7.20993e-018	-1.9321e-010	-0.0148184 	0.00754134 	1.18231e-009	
10.4125    	1.5235e-010	7.37943e-012	9.60486e-018	-8.13271e-018	-7.03624e-018	-1.94451e-010	-0.0146645 	0.00713385 	1.17973e-009	
10.4738    	1.49109e-010	4.25876e-012	9.88489e-018	-8.10437e-018	-6.30796e-018	-1.95997e-010	-0.0145251 	0.00675403 	1.17174e-009	
10.535     	1.45843e-010	2.91993e-012	9.61925e-018	-8.00257e-018	-5.45573e-018	-1.96326e-010	-0.0143993 	0.00639449 	1.15968e-009	
10.5962    	1.42571e-010	2.67911e-012	8.85873e-018	-7.86546e-018	-4.99658e-018	-1.94885e-010	-0.014286  	0.00604425 	1.1482e-009	
10.6575    	1.39323e-010	1.98733e-012	8.09324e-018	-7.76081e-018	-5.04721e-018	-1.92628e-010	-0.0141844 	0.00570031 	1.14056e-009	
10.7188    	1.36112e-010	-8.92758e-014	7.79129e-018	-7.72172e-018	-5.22463e-018	-1.91102e-010	-0.0140939 	0.00537104 	1.13532e-009	
10.78      	1.32927e-010	-2.99126e-012	7.96183e-018	-7.71588e-018	-5.02843e-018	-1.90978e-010	-0.0140139 	0.0050679  	1.12774e-009	
10.8412    	1.29744e-010	-5.22635e-012	8.15869e-018	-7.6776e-018	-4.3343e-018	-1.91426e-010	-0.0139435 	0.004794   	1.11458e-009	
10.9025    	1.26554e-010	-5.81526e-012	7.92191e-018	-7.57131e-018	-3.52071e-018	-1.90934e-010	-0.0138819 	0.0045411  	1.09737e-009	
10.9637    	1.23372e-010	-5.22382e-012	7.22959e-018	-7.42496e-018	-3.10571e-018	-1.88764e-010	-0.0138279 	0.00429794 	1.08095e-009	
11.025     	1.20225e-010	-4.89028e-012	6.5236e-018	-7.30166e-018	-3.24594e-018	-1.8565e-010	-0.0137806 	0.00406136 	1.06867e-009	
11.0863    	1.17131e-010	-5.81923e-012	6.28424e-018	-7.23752e-018	-3.5837e-018	-1.83067e-010	-0.0137396 	0.00383919 	1.05919e-009	
11.1475    	1.1408e-010	-7.60998e-012	6.56518e-018	-7.20638e-018	-3.59117e-018	-1.81797e-010	-0.0137042 	0.00364193 	1.04799e-009	
11.2087    	1.1105e-010	-8.85492e-012	6.93918e-018	-7.14515e-018	-3.07799e-018	-1.81181e-010	-0.0136737 	0.00347181 	1.03211e-009	
11.27      	1.08031e-010	-8.51094e-012	6.90777e-018	-7.01498e-018	-2.3695e-018	-1.79768e-010	-0.0136471 	0.00332029 	1.01332e-009	
11.3313    	1.05034e-010	-6.90783e-012	6.37843e-018	-6.8386e-018	-1.98319e-018	-1.76727e-010	-0.0136236 	0.0031764  	9.96457e-010	
11.3925    	1.02089e-010	-5.42062e-012	5.74714e-018	-6.67781e-018	-2.11913e-018	-1.7265e-010	-0.0136023 	0.00303738 	9.84678e-010	
11.4537    	9.92115e-011	-5.13501e-012	5.50716e-018	-6.57354e-018	-2.46164e-018	-1.68972e-010	-0.0135829 	0.00291095 	9.76358e-010	
11.515     	9.63953e-011	-5.80894e-012	5.7647e-018	-6.50692e-018	-2.48611e-018	-1.6659e-010	-0.0135648 	0.00280688 	9.66825e-010	
11.5763    	9.36188e-011	-6.13528e-012	6.13339e-018	-6.41896e-018	-1.97178e-018	-1.65009e-010	-0.0135475 	0.00272661 	9.53117e-010	
11.6375    	9.08686e-011	-5.03843e-012	6.11035e-018	-6.26917e-018	-1.21943e-018	-1.62857e-010	-0.0135302 	0.00266122 	9.36976e-010	
11.6987    	8.81544e-011	-2.73467e-012	5.56769e-018	-6.07568e-018	-7.60689e-019	-1.59239e-010	-0.0135121 	0.00259996 	9.23055e-010	
11.76      	8.55004e-011	-5.25406e-013	4.87991e-018	-5.89778e-018	-8.42369e-019	-1.54621e-010	-0.0134926 	0.00254038 	9.14163e-010	
11.8212    	8.29234e-011	4.65898e-013	4.56222e-018	-5.77841e-018	-1.1898e-018	-1.50378e-010	-0.0134715 	0.00248996 	9.08382e-010	
11.8825    	8.04171e-011	3.74888e-013	4.7721e-018	-5.70285e-018	-1.28057e-018	-1.47464e-010	-0.0134485 	0.00245767 	9.00985e-010	
11.9438    	7.79593e-011	4.43048e-013	5.16022e-018	-5.61387e-018	-8.60366e-019	-1.45501e-010	-0.0134231 	0.002444   	8.89195e-010	
12.005     	7.55343e-011	1.78886e-012	5.21635e-018	-5.4681e-018	-1.9505e-019	-1.43166e-010	-0.0133949 	0.00243969 	8.74978e-010	
12.0662    	7.31482e-011	4.31034e-012	4.77174e-018	-5.27835e-018	1.88789e-019	-1.39496e-010	-0.0133631 	0.00243429 	8.63034e-010	
12.1275    	7.08233e-011	6.78912e-012	4.16622e-018	-5.10057e-018	2.0737e-020	-1.34831e-010	-0.0133276 	0.00242586 	8.56029e-010	
12.1888    	6.85761e-011	8.08506e-012	3.91579e-018	-4.97866e-018	-4.46496e-019	-1.30476e-010	-0.0132882 	0.00242195 	8.51918e-010	
12.25      	6.64015e-011	8.24518e-012	4.20618e-018	-4.90155e-018	-6.82796e-019	-1.27427e-010	-0.0132449 	0.00243103 	8.46055e-010	
12.3112    	6.42777e-011	8.44282e-012	4.70859e-018	-4.81444e-018	-3.98376e-019	-1.25404e-010	-0.0131975 	0.00245299 	8.35947e-010	
12.3725    	6.21876e-011	9.81471e-012	4.89913e-018	-4.67282e-018	1.74847e-019	-1.23144e-010	-0.0131456 	0.00247855 	8.2381e-010	
12.4338    	6.01352e-011	1.2342e-011	4.56936e-018	-4.48619e-018	5.14801e-019	-1.19645e-010	-0.013089  	0.00249795 	8.14334e-010	
12.495     	5.81412e-011	1.48705e-011	4.02731e-018	-4.30855e-018	3.25928e-019	-1.15154e-010	-0.0130274 	0.00251008 	8.09925e-010	
12.5562    	5.62219e-011	1.62423e-011	3.79175e-018	-4.18539e-018	-1.67672e-019	-1.10921e-010	-0.012961  	0.00252281 	8.08266e-010	
12.6175    	5.43732e-011	1.64215e-011	4.07992e-018	-4.10956e-018	-4.41611e-019	-1.07979e-010	-0.01289   	0.0025443  	8.04664e-010	
12.6788    	5.25736e-011	1.65107e-011	4.5922e-018	-4.02912e-018	-1.87295e-019	-1.0614e-010	-0.0128144 	0.00257402 	7.96796e-010	
12.74      	5.08046e-011	1.76514e-011	4.80586e-018	-3.89916e-018	3.83818e-019	-1.04204e-010	-0.012734  	0.00260279 	7.87034e-010	
12.8012    	4.90679e-011	1.98945e-011	4.48918e-018	-3.72629e-018	7.48e-019  	-1.01146e-010	-0.0126485 	0.0026216  	7.79978e-010	
12.8625    	4.73821e-011	2.21522e-011	3.93003e-018	-3.5621e-018	5.84524e-019	-9.7128e-011	-0.0125582 	0.00263019 	7.77724e-010	
12.9237    	4.57633e-011	2.32689e-011	3.65357e-018	-3.4524e-018	9.03245e-020	-9.33391e-011	-0.0124632 	0.00263678 	7.77688e-010	
12.985     	4.42076e-011	2.31513e-011	3.90662e-018	-3.39243e-018	-2.16288e-019	-9.0824e-011	-0.012364  	0.0026492  	7.75189e-010	
13.0462    	4.26939e-011	2.28471e-011	4.41632e-018	-3.33212e-018	-8.82241e-021	-8.94653e-011	-0.0122605 	0.00266652 	7.68177e-010	
13.1075    	4.12028e-011	2.35014e-011	4.66079e-018	-3.22584e-018	5.24401e-019	-8.81111e-011	-0.0121528 	0.00267971 	7.59278e-010	
13.1687    	3.97343e-011	2.52283e-011	4.38486e-018	-3.07727e-018	8.66692e-019	-8.57165e-011	-0.0120407 	0.00268055 	7.53094e-010	
13.23      	3.83057e-011	2.70061e-011	3.85192e-018	-2.93537e-018	6.84427e-019	-8.23696e-011	-0.0119246 	0.00266969 	7.51495e-010	
13.2912    	3.69329e-011	2.76934e-011	3.58358e-018	-2.84559e-018	1.57547e-019	-7.91949e-011	-0.0118048 	0.00265572 	7.5171e-010	
13.3525    	3.5613e-011	2.71549e-011	3.84399e-018	-2.80507e-018	-1.97845e-019	-7.72382e-011	-0.0116816 	0.00264619 	7.4915e-010	
13.4137    	3.43257e-011	2.63864e-011	4.37832e-018	-2.76569e-018	-3.90982e-020	-7.64371e-011	-0.0115553 	0.00263984 	7.42082e-010	
13.475     	3.30517e-011	2.65247e-011	4.66367e-018	-2.68191e-018	4.65738e-019	-7.56903e-011	-0.0114258 	0.00262785 	7.33393e-010	
13.5362    	3.17902e-011	2.77268e-011	4.42453e-018	-2.55562e-018	8.06723e-019	-7.39486e-011	-0.0112932 	0.00260284 	7.27647e-010	
13.5975    	3.05577e-011	2.90252e-011	3.90318e-018	-2.43382e-018	6.39111e-019	-7.12452e-011	-0.0111578 	0.00256639 	7.26432e-010	
13.6588    	2.93703e-011	2.92941e-011	3.61792e-018	-2.36177e-018	1.2571e-019	-6.86514e-011	-0.01102   	0.00252738 	7.26739e-010	
13.72      	2.82261e-011	2.83646e-011	3.84891e-018	-2.33825e-018	-2.24821e-019	-6.72092e-011	-0.0108801 	0.002493   	7.24029e-010	
13.7812    	2.7106e-011	2.71846e-011	4.36057e-018	-2.31715e-018	-6.28679e-020	-6.69021e-011	-0.0107384 	0.00246159 	7.16847e-010	
13.8425    	2.59909e-011	2.68746e-011	4.63537e-018	-2.25345e-018	4.5541e-019	-6.66775e-011	-0.0105949 	0.00242448 	7.08288e-010	
13.9038    	2.48796e-011	2.76211e-011	4.3869e-018	-2.1477e-018	8.23583e-019	-6.54915e-011	-0.0104495 	0.00237508 	7.02821e-010	
13.965     	2.37881e-011	2.85034e-011	3.84363e-018	-2.04507e-018	6.87781e-019	-6.3336e-011	-0.0103027 	0.00231567 	7.01717e-010	
14.0262    	2.27325e-011	2.84175e-011	3.5222e-018	-1.99012e-018	1.97087e-019	-6.12336e-011	-0.0101548 	0.00225529 	7.01737e-010	
14.0875    	2.17119e-011	2.71747e-011	3.7155e-018	-1.98252e-018	-1.46388e-019	-6.02142e-011	-0.0100061 	0.00220062 	6.98429e-010	
14.1488    	2.07084e-011	2.56842e-011	4.20349e-018	-1.97762e-018	1.20082e-020	-6.02924e-011	-0.00985683	0.00214947 	6.90655e-010	
14.21      	1.97035e-011	2.50478e-011	4.47331e-018	-1.93088e-018	5.26623e-019	-6.04572e-011	-0.00970693	0.00209327 	6.81743e-010	
14.2712    	1.86959e-011	2.54711e-011	4.22954e-018	-1.84188e-018	8.97136e-019	-5.96754e-011	-0.00955645	0.00202607 	6.76079e-010	
14.3325    	1.77013e-011	2.60726e-011	3.68754e-018	-1.75413e-018	7.67088e-019	-5.7909e-011	-0.00940566	0.00195082 	6.74636e-010	
14.3938    	1.67361e-011	2.57721e-011	3.35871e-018	-1.71129e-018	2.78584e-019	-5.61388e-011	-0.00925492	0.00187653 	6.73986e-010	
14.455     	1.58005e-011	2.43689e-011	3.5417e-018	-1.7136e-018	-6.99086e-020	-5.53789e-011	-0.00910452	0.00180932 	6.69808e-010	
14.5162    	1.48775e-011	2.27383e-011	4.02581e-018	-1.71778e-018	7.963e-020 	-5.5667e-011	-0.00895453	0.00174642 	6.61302e-010	
14.5775    	1.39497e-011	2.19581e-011	4.30112e-018	-1.6802e-018	5.88789e-019	-5.603e-011	-0.00880491	0.00167934 	6.52012e-010	
14.6388    	1.30159e-011	2.22403e-011	4.0659e-018	-1.60009e-018	9.62157e-019	-5.54533e-011	-0.00865565	0.00160278 	6.46204e-010	
14.7       	1.20917e-011	2.27321e-011	3.52596e-018	-1.51983e-018	8.42396e-019	-5.38825e-011	-0.00850699	0.00152025 	6.44522e-010	
14.7612    	1.11936e-011	2.2375e-011	3.18836e-018	-1.4823e-018	3.66653e-019	-5.2266e-011	-0.00835924	0.00144067 	6.43338e-010	
14.8225    	1.03225e-011	2.09627e-011	3.35566e-018	-1.48811e-018	2.88596e-020	-5.1602e-011	-0.00821262	0.0013695  	6.38464e-010	
14.8837    	9.4625e-012	1.93413e-011	3.82476e-018	-1.49523e-018	1.86026e-019	-5.19436e-011	-0.00806713	0.00130338 	6.29424e-010	
14.945     	8.59678e-012	1.85623e-011	4.0903e-018	-1.46111e-018	7.01885e-019	-5.23517e-011	-0.00792268	0.0012339  	6.1994e-010	
15.0062    	7.72425e-012	1.88363e-011	3.84904e-018	-1.38499e-018	1.08361e-018	-5.1833e-011	-0.00777925	0.00115636 	6.14118e-010	
15.0675    	6.86036e-012	1.93327e-011	3.30209e-018	-1.30825e-018	9.74408e-019	-5.03257e-011	-0.00763701	0.00107476 	6.12256e-010	
15.1287    	6.0216e-012	1.90165e-011	2.95374e-018	-1.27285e-018	5.0943e-019	-4.87513e-011	-0.00749622	0.000997837	6.10543e-010	
15.19      	5.20908e-012	1.7683e-011	3.10819e-018	-1.27933e-018	1.79401e-019	-4.80885e-011	-0.00735703	0.000930301	6.04954e-010	
15.2512    	4.40761e-012	1.61568e-011	3.56675e-018	-1.2866e-018	3.39055e-019	-4.83975e-011	-0.00721941	0.000868236	5.95361e-010	
15.3125    	3.60098e-012	1.54635e-011	3.82747e-018	-1.25311e-018	8.52351e-019	-4.87657e-011	-0.0070832 	0.000803292	5.85656e-010	
15.3738    	2.78822e-012	1.58075e-011	3.58716e-018	-1.17829e-018	1.22925e-018	-4.8222e-011	-0.00694835	0.000731375	5.79771e-010	
15.435     	1.98452e-012	1.63754e-011	3.04404e-018	-1.10273e-018	1.11657e-018	-4.67027e-011	-0.00681501	0.000656913	5.77668e-010	
15.4962    	1.20614e-012	1.61566e-011	2.69895e-018	-1.06731e-018	6.5132e-019	-4.51069e-011	-0.0066834 	0.000588399	5.75384e-010	
15.5575    	4.54359e-013	1.49535e-011	2.85433e-018	-1.07233e-018	3.22843e-019	-4.43927e-011	-0.0065536 	0.000529804	5.69094e-010	
15.6188    	-2.8552e-013	1.35742e-011	3.31214e-018	-1.07742e-018	4.82431e-019	-4.46209e-011	-0.00642554	0.000476657	5.59023e-010	
15.68      	-1.0292e-012	1.30185e-011	3.57257e-018	-1.04217e-018	9.9187e-019	-4.49006e-011	-0.00629902	0.000420746	5.49214e-010	
15.7413    	-1.77754e-012	1.34791e-011	3.33416e-018	-9.66464e-019	1.36282e-018	-4.42841e-011	-0.006174  	0.000358592	5.43394e-010	
15.8025    	-2.51561e-012	1.4155e-011	2.7949e-018	-8.90336e-019	1.2468e-018	-4.27119e-011	-0.00605058	0.000295026	5.41175e-010	
15.8638    	-3.22748e-012	1.4059e-011	2.45317e-018	-8.53648e-019	7.84366e-019	-4.10658e-011	-0.00592894	0.000238254	5.38458e-010	
15.925     	-3.91191e-012	1.3005e-011	2.60836e-018	-8.56246e-019	4.63523e-019	-4.02823e-011	-0.00580915	0.000191507	5.31635e-010	
15.9862    	-4.58328e-012	1.17883e-011	3.06142e-018	-8.58406e-019	6.29894e-019	-4.0418e-011	-0.00569108	0.000149811	5.21277e-010	
16.0475    	-5.25691e-012	1.13831e-011	3.31488e-018	-8.20871e-019	1.14021e-018	-4.05998e-011	-0.00557453	0.000105144	5.11546e-010	
16.1087    	-5.93358e-012	1.19668e-011	3.07155e-018	-7.44166e-019	1.50658e-018	-3.99038e-011	-0.00545944	5.46569e-005	5.05934e-010	
16.17      	-6.59864e-012	1.27473e-011	2.53206e-018	-6.67845e-019	1.38627e-018	-3.82789e-011	-0.0053459 	3.54937e-006	5.03696e-010	
16.2312    	-7.23662e-012	1.27617e-011	2.19324e-018	-6.30662e-019	9.25294e-019	-3.65927e-011	-0.00523408	-4.02969e-005	5.00625e-010	
16.2925    	-7.8465e-012	1.18397e-011	2.35003e-018	-6.31799e-019	6.11065e-019	-3.57587e-011	-0.00512401	-7.43908e-005	4.93358e-010	
16.3538    	-8.44248e-012	1.07679e-011	2.80026e-018	-6.31977e-019	7.82508e-019	-3.58246e-011	-0.00501554	-0.000104155	4.82817e-010	
16.415     	-9.03956e-012	1.04956e-011	3.04814e-018	-5.93075e-019	1.28987e-018	-3.59306e-011	-0.00490846	-0.000137364	4.73259e-010	
16.4762    	-9.6384e-012	1.11825e-011	2.80192e-018	-5.16354e-019	1.64564e-018	-3.51766e-011	-0.00480272	-0.000176222	4.67921e-010	
16.5375    	-1.02247e-011	1.20431e-011	2.26629e-018	-4.40962e-019	1.51462e-018	-3.3523e-011	-0.00469842	-0.000215195	4.65715e-010	
16.5988    	-1.07834e-011	1.21393e-011	1.93648e-018	-4.04484e-019	1.05043e-018	-3.18253e-011	-0.00459571	-0.000246754	4.62355e-010	
16.66      	-1.13138e-011	1.13196e-011	2.10099e-018	-4.05298e-019	7.40638e-019	-3.09736e-011	-0.00449459	-0.000269129	4.54748e-010	
16.7213    	-1.183e-011	1.03652e-011	2.55238e-018	-4.04474e-019	9.16419e-019	-3.10023e-011	-0.0043949 	-0.000288127	4.44165e-010	
16.7825    	-1.23467e-011	1.02002e-011	2.796e-018 	-3.65086e-019	1.42e-018  	-3.10624e-011	-0.00429646	-0.00031121	4.34932e-010	
16.8438    	-1.28645e-011	1.09638e-011	2.54683e-018	-2.89265e-019	1.76388e-018	-3.02779e-011	-0.0041992 	-0.000339922	4.30004e-010	
16.905     	-1.33691e-011	1.18747e-011	2.01529e-018	-2.15858e-019	1.62141e-018	-2.86239e-011	-0.00410325	-0.000368418	4.27951e-010	
16.9662    	-1.38462e-011	1.20198e-011	1.6953e-018	-1.8126e-019	1.15504e-018	-2.69468e-011	-0.00400874	-0.00038955	4.24434e-010	
17.0275    	-1.42953e-011	1.12692e-011	1.86787e-018	-1.82939e-019	8.52378e-019	-2.61122e-011	-0.00391567	-0.000402241	4.1665e-010	
17.0888    	-1.47305e-011	1.04006e-011	2.31905e-018	-1.82257e-019	1.03536e-018	-2.61386e-011	-0.00382387	-0.000412618	4.06205e-010	
17.15      	-1.51661e-011	1.03125e-011	2.5555e-018	-1.43515e-019	1.53655e-018	-2.61855e-011	-0.00373317	-0.000427775	3.9746e-010	
17.2113    	-1.56025e-011	1.11214e-011	2.30054e-018	-6.98152e-020	1.86813e-018	-2.54015e-011	-0.00364353	-0.00044859	3.93066e-010	
17.2725    	-1.60259e-011	1.20487e-011	1.77196e-018	2.51125e-022	1.71307e-018	-2.37788e-011	-0.00355508	-0.000468946	3.9126e-010	
17.3337    	-1.64222e-011	1.22068e-011	1.46262e-018	3.1541e-020	1.24387e-018	-2.21563e-011	-0.00346794	-0.000482097	3.87678e-010	
17.395     	-1.67915e-011	1.14897e-011	1.64478e-018	2.76076e-020	9.48297e-019	-2.13744e-011	-0.00338212	-0.00048764	3.7983e-010	
17.4562    	-1.71477e-011	1.06734e-011	2.09671e-018	2.68717e-020	1.13795e-018	-2.14331e-011	-0.00329744	-0.000491954	3.69646e-010	
17.5175    	-1.75049e-011	1.06309e-011	2.32631e-018	6.37866e-020	1.63476e-018	-2.14982e-011	-0.00321374	-0.000501713	3.61491e-010	
17.5788    	-1.78632e-011	1.14544e-011	2.06633e-018	1.34218e-019	1.95085e-018	-2.07438e-011	-0.00313101	-0.000517135	3.57699e-010	
17.64      	-1.8209e-011	1.23666e-011	1.54293e-018	1.9981e-019	1.78019e-018	-1.91809e-011	-0.00304939	-0.000531869	3.56186e-010	
17.7013    	-1.85287e-011	1.25066e-011	1.24758e-018	2.2672e-019	1.30656e-018	-1.76421e-011	-0.002969  	-0.000539598	3.52599e-010	
17.7625    	-1.88227e-011	1.17937e-011	1.44238e-018	2.196e-019 	1.01788e-018	-1.69416e-011	-0.00288983	-0.000540561	3.44775e-010	
17.8237    	-1.9105e-011	1.10037e-011	1.89656e-018	2.16678e-019	1.21432e-018	-1.7059e-011	-0.00281172	-0.000541326	3.34955e-010	
17.885     	-1.93894e-011	1.09833e-011	2.11933e-018	2.51107e-019	1.7062e-018	-1.71652e-011	-0.00273453	-0.000548104	3.2748e-010	
17.9462    	-1.96755e-011	1.17985e-011	1.85407e-018	3.17644e-019	2.00578e-018	-1.64601e-011	-0.00265825	-0.000560458	3.24346e-010	
18.0075    	-1.99498e-011	1.26729e-011	1.33628e-018	3.78133e-019	1.81913e-018	-1.49758e-011	-0.00258304	-0.000571851	3.23165e-010	
18.0688    	-2.01994e-011	1.27722e-011	1.05589e-018	4.00074e-019	1.34214e-018	-1.35397e-011	-0.00250902	-0.000576418	3.19623e-010	
18.13      	-2.0425e-011	1.20433e-011	1.26369e-018	3.89273e-019	1.06244e-018	-1.29391e-011	-0.00243617	-0.00057501	3.11899e-010	
18.1912    	-2.06407e-011	1.12619e-011	1.71911e-018	3.83769e-019	1.26747e-018	-1.31312e-011	-0.00236433	-0.000574326	3.02526e-010	
18.2525    	-2.08595e-011	1.12477e-011	1.93308e-018	4.15365e-019	1.75503e-018	-1.32913e-011	-0.00229337	-0.000580071	2.95787e-010	
18.3138    	-2.10811e-011	1.20394e-011	1.66091e-018	4.77654e-019	2.03778e-018	-1.26463e-011	-0.00222331	-0.000591176	2.93324e-010	
18.375     	-2.12918e-011	1.28604e-011	1.14841e-018	5.32683e-019	1.83502e-018	-1.1251e-011	-0.00215432	-0.000600965	2.92468e-010	
18.4363    	-2.14794e-011	1.29047e-011	8.83618e-019	5.49346e-019	1.35546e-018	-9.92816e-012	-0.0020865 	-0.000604057	2.88974e-010	
18.4975    	-2.16448e-011	1.21474e-011	1.1049e-018	5.34658e-019	1.08604e-018	-9.43714e-012	-0.00201982	-0.000601884	2.81375e-010	
18.5588    	-2.18021e-011	1.1365e-011	1.56109e-018	5.26474e-019	1.30039e-018	-9.71133e-012	-0.00195412	-0.000601219	2.72476e-010	
18.62      	-2.1964e-011	1.1349e-011	1.76526e-018	5.55199e-019	1.78314e-018	-9.92991e-012	-0.0018893 	-0.000607239	2.66471e-010	
18.6812    	-2.21295e-011	1.21098e-011	1.48575e-018	6.13215e-019	2.04792e-018	-9.3475e-012	-0.00182539	-0.000618267	2.64644e-010	
18.7425    	-2.22853e-011	1.28704e-011	9.79241e-019	6.62782e-019	1.82847e-018	-8.04287e-012	-0.00176255	-0.000627547	2.64062e-010	
18.8038    	-2.24193e-011	1.28536e-011	7.31388e-019	6.74238e-019	1.34703e-018	-6.8347e-012	-0.00170088	-0.000630198	2.60585e-010	
18.865     	-2.25332e-011	1.20641e-011	9.66891e-019	6.55845e-019	1.08933e-018	-6.45373e-012	-0.00164034	-0.000628212	2.53107e-010	
18.9263    	-2.26408e-011	1.12793e-011	1.42333e-018	6.4526e-019	1.31407e-018	-6.80825e-012	-0.00158078	-0.000628378	2.44684e-010	
18.9875    	-2.27543e-011	1.12618e-011	1.61642e-018	6.71437e-019	1.7922e-018	-7.08105e-012	-0.00152208	-0.000635326	2.3939e-010	
19.0487    	-2.28723e-011	1.19923e-011	1.3286e-018	7.25509e-019	2.03887e-018	-6.55546e-012	-0.00146431	-0.000646806	2.38142e-010	
19.11      	-2.29815e-011	1.26933e-011	8.28031e-019	7.69955e-019	1.80338e-018	-5.33543e-012	-0.00140761	-0.000656039	2.3777e-010	
19.1712    	-2.30705e-011	1.26175e-011	5.97371e-019	7.76597e-019	1.32186e-018	-4.23572e-012	-0.00135208	-0.000658672	2.34268e-010	
19.2325    	-2.3141e-011	1.17999e-011	8.46628e-019	7.54967e-019	1.07819e-018	-3.95755e-012	-0.00129766	-0.000657219	2.26899e-010	
19.2938    	-2.3207e-011	1.10182e-011	1.3017e-018	7.42493e-019	1.31497e-018	-4.38329e-012	-0.0012442 	-0.000658441	2.1894e-010	
19.355     	-2.32801e-011	1.10053e-011	1.48163e-018	7.66622e-019	1.78898e-018	-4.6994e-012	-0.0011916 	-0.000666404	2.14315e-010	
19.4163    	-2.33584e-011	1.17112e-011	1.1841e-018	8.17215e-019	2.01762e-018	-4.21903e-012	-0.00113992	-0.000678329	2.13575e-010	
19.4775    	-2.34287e-011	1.23586e-011	6.8918e-019	8.56998e-019	1.76674e-018	-3.0723e-012	-0.00108931	-0.000687468	2.13337e-010	
19.5387    	-2.34799e-011	1.22303e-011	4.759e-019 	8.59325e-019	1.28676e-018	-2.07014e-012	-0.00103985	-0.000690018	2.09759e-010	
19.6       	-2.35144e-011	1.13925e-011	7.38537e-019	8.3501e-019	1.05891e-018	-1.88341e-012	-0.000991477	-0.000688982	2.02473e-010	
19.6612    	-2.35458e-011	1.0623e-011	1.19097e-018	8.21226e-019	1.30867e-018	-2.36789e-012	-0.000944022	-0.000691046	1.94954e-010	
19.7225    	-2.35853e-011	1.06239e-011	1.35625e-018	8.43866e-019	1.77843e-018	-2.71394e-012	-0.000897403	-0.000699707	1.90948e-010	
19.7837    	-2.36305e-011	1.1314e-011	1.04832e-018	8.91504e-019	1.98861e-018	-2.26541e-012	-0.000851687	-0.000711699	1.90636e-010	
19.845     	-2.36683e-011	1.19161e-011	5.59393e-019	9.27145e-019	1.72268e-018	-1.17924e-012	-0.000807019	-0.000720366	1.90455e-010	
19.9062    	-2.36879e-011	1.17446e-011	3.64094e-019	9.25718e-019	1.24556e-018	-2.62186e-013	-0.000763462	-0.00072247	1.86754e-010	
