0
2.29136e-16
9.14587e-16
2.28113e-15
4.55202e-15
7.95025e-15
1.26993e-14
1.90225e-14
2.71424e-14
3.72798e-14
4.96545e-14
6.44854e-14
8.19917e-14
1.02392e-13
1.25905e-13
1.52746e-13
1.83131e-13
2.17274e-13
2.55389e-13
2.97691e-13
3.44392e-13
3.95704e-13
4.51837e-13
5.13e-13
5.79402e-13
6.51253e-13
7.28758e-13
8.12125e-13
9.01557e-13
9.9726e-13
1.09944e-12
1.20829e-12
1.32402e-12
1.44682e-12
1.5769e-12
1.71446e-12
1.85969e-12
2.01278e-12
2.17394e-12
2.34335e-12
2.52121e-12
2.70771e-12
2.90304e-12
3.1074e-12
3.32096e-12
3.54391e-12
3.77645e-12
4.01875e-12
4.271e-12
4.53338e-12
4.80608e-12
5.08926e-12
5.38312e-12
5.68783e-12
6.00355e-12
6.33048e-12
6.66878e-12
7.01863e-12
7.38018e-12
7.75363e-12
8.13912e-12
8.53684e-12
8.94694e-12
9.36959e-12
9.80495e-12
1.02532e-11
1.07145e-11
1.11889e-11
1.16767e-11
1.2178e-11
1.2693e-11
1.32218e-11
1.37646e-11
1.43214e-11
1.48925e-11
1.54781e-11
1.60782e-11
1.6693e-11
1.73226e-11
1.79672e-11
1.8627e-11
1.9302e-11
1.99924e-11
2.06983e-11
2.14199e-11
2.21573e-11
2.29106e-11
2.368e-11
2.44655e-11
2.52674e-11
2.60857e-11
2.69205e-11
2.77721e-11
2.86404e-11
2.95256e-11
3.04279e-11
3.13473e-11
3.2284e-11
3.3238e-11
3.42095e-11
3.51986e-11
3.62053e-11
3.72299e-11
3.82724e-11
3.93328e-11
4.04114e-11
4.15081e-11
4.26231e-11
4.37565e-11
4.49084e-11
4.60788e-11
4.72679e-11
4.84758e-11
4.97024e-11
5.0948e-11
5.22125e-11
5.34962e-11
5.47989e-11
5.61209e-11
5.74622e-11
5.88229e-11
6.0203e-11
6.16026e-11
6.30218e-11
6.44606e-11
6.59191e-11
6.73974e-11
6.88956e-11
7.04136e-11
7.19515e-11
7.35095e-11
7.50875e-11
7.66856e-11
7.83039e-11
7.99424e-11
8.16011e-11
8.328e-11
8.49794e-11
8.6699e-11
8.84391e-11
9.01997e-11
9.19807e-11
9.37822e-11
9.56043e-11
9.74469e-11
9.93101e-11
1.01194e-10
1.03098e-10
1.05024e-10
1.06969e-10
1.08936e-10
1.10923e-10
1.12931e-10
1.1496e-10
1.17009e-10
1.1908e-10
1.21171e-10
1.23282e-10
1.25415e-10
1.27568e-10
1.29742e-10
1.31937e-10
1.34153e-10
1.36389e-10
1.38646e-10
1.40924e-10
1.43223e-10
1.45542e-10
1.47882e-10
1.50242e-10
1.52624e-10
1.55026e-10
1.57448e-10
1.59891e-10
1.62355e-10
1.64839e-10
1.67344e-10
1.69869e-10
1.72415e-10
1.74981e-10
1.77567e-10
1.80174e-10
1.82801e-10
1.85448e-10
1.88115e-10
1.90802e-10
1.9351e-10
1.96238e-10
1.98985e-10
2.01753e-10
2.0454e-10
2.07347e-10
2.10174e-10
2.1302e-10
2.15887e-10
2.18772e-10
2.21678e-10
2.24602e-10
2.27546e-10
2.30509e-10
2.33492e-10
2.36493e-10
2.39514e-10
2.42554e-10
2.45612e-10
2.48689e-10
2.51785e-10
2.549e-10
2.58033e-10
2.61184e-10
2.64354e-10
2.67543e-10
2.70749e-10
2.73973e-10
2.77216e-10
2.80476e-10
2.83754e-10
2.8705e-10
2.90363e-10
2.93694e-10
2.97042e-10
3.00407e-10
3.0379e-10
3.07189e-10
3.10606e-10
3.14039e-10
3.17489e-10
3.20955e-10
3.24438e-10
3.27937e-10
3.31452e-10
3.34984e-10
3.38531e-10
3.42094e-10
3.45673e-10
3.49267e-10
3.52877e-10
3.56502e-10
3.60142e-10
3.63797e-10
3.67468e-10
3.71152e-10
3.74852e-10
3.78565e-10
3.82294e-10
3.86036e-10
3.89792e-10
3.93562e-10
3.97346e-10
4.01144e-10
4.04954e-10
4.08778e-10
4.12616e-10
4.16466e-10
4.20329e-10
4.24204e-10
4.28093e-10
4.31993e-10
4.35906e-10
4.3983e-10
4.43767e-10
4.47715e-10
4.51674e-10
4.55645e-10
4.59627e-10
4.6362e-10
4.67624e-10
4.71639e-10
4.75664e-10
4.797e-10
4.83745e-10
4.87801e-10
4.91866e-10
4.95941e-10
5.00026e-10
5.04119e-10
5.08222e-10
5.12334e-10
5.16454e-10
5.20583e-10
5.24721e-10
5.28866e-10
5.3302e-10
5.37181e-10
5.4135e-10
5.45527e-10
5.4971e-10
5.53901e-10
5.58099e-10
5.62303e-10
5.66514e-10
5.70731e-10
5.74954e-10
5.79183e-10
5.83418e-10
5.87659e-10
5.91905e-10
5.96155e-10
6.00411e-10
6.04672e-10
6.08937e-10
6.13207e-10
6.17481e-10
6.21759e-10
6.2604e-10
6.30325e-10
6.34614e-10
6.38906e-10
6.432e-10
6.47498e-10
6.51798e-10
6.56101e-10
6.60405e-10
6.64712e-10
6.69021e-10
6.73331e-10
6.77642e-10
6.81955e-10
6.86269e-10
6.90583e-10
6.94898e-10
6.99214e-10
7.0353e-10
7.07845e-10
7.12161e-10
7.16476e-10
7.2079e-10
7.25104e-10
7.29417e-10
7.33728e-10
7.38038e-10
7.42347e-10
7.46653e-10
7.50958e-10
7.5526e-10
7.5956e-10
7.63857e-10
7.68152e-10
7.72443e-10
7.76731e-10
7.81016e-10
7.85297e-10
7.89575e-10
7.93848e-10
7.98117e-10
8.02382e-10
8.06642e-10
8.10897e-10
8.15148e-10
8.19393e-10
8.23633e-10
8.27867e-10
8.32095e-10
8.36317e-10
8.40534e-10
8.44743e-10
8.48947e-10
8.53143e-10
8.57333e-10
8.61515e-10
8.65691e-10
8.69858e-10
8.74018e-10
8.7817e-10
8.82314e-10
8.8645e-10
8.90577e-10
8.94696e-10
8.98806e-10
9.02906e-10
9.06998e-10
9.1108e-10
9.15153e-10
9.19216e-10
9.23269e-10
9.27312e-10
9.31345e-10
9.35367e-10
9.39379e-10
9.4338e-10
9.4737e-10
9.51349e-10
9.55316e-10
9.59272e-10
9.63217e-10
9.67149e-10
9.7107e-10
9.74979e-10
9.78875e-10
9.82758e-10
9.86629e-10
9.90488e-10
9.94333e-10
9.98165e-10
1.00198e-09
1.00579e-09
1.00958e-09
1.01336e-09
1.01713e-09
1.02088e-09
1.02461e-09
1.02834e-09
1.03204e-09
1.03574e-09
1.03942e-09
1.04308e-09
1.04673e-09
1.05037e-09
1.05399e-09
1.0576e-09
1.06119e-09
1.06477e-09
1.06834e-09
1.07189e-09
1.07542e-09
1.07894e-09
1.08245e-09
1.08594e-09
1.08942e-09
1.09288e-09
1.09633e-09
1.09976e-09
1.10318e-09
1.10659e-09
1.10998e-09
1.11335e-09
1.11671e-09
1.12006e-09
1.12339e-09
1.12671e-09
1.13001e-09
1.13329e-09
1.13656e-09
1.13982e-09
1.14306e-09
1.14629e-09
1.1495e-09
1.1527e-09
1.15588e-09
1.15905e-09
1.1622e-09
1.16534e-09
1.16846e-09
1.17157e-09
1.17466e-09
1.17774e-09
1.1808e-09
1.18384e-09
1.18688e-09
1.18989e-09
1.19289e-09
1.19588e-09
1.19885e-09
1.2018e-09
1.20474e-09
1.20767e-09
1.21058e-09
1.21347e-09
1.21635e-09
1.21922e-09
1.22206e-09
1.2249e-09
1.22772e-09
1.23052e-09
1.2333e-09
1.23608e-09
1.23883e-09
1.24157e-09
1.2443e-09
1.24701e-09
1.2497e-09
1.25238e-09
1.25504e-09
1.25769e-09
1.26032e-09
1.26294e-09
1.26554e-09
1.26812e-09
1.27069e-09
1.27324e-09
1.27578e-09
1.2783e-09
1.28081e-09
1.2833e-09
1.28578e-09
1.28824e-09
1.29068e-09
1.29311e-09
1.29552e-09
1.29792e-09
1.3003e-09
1.30266e-09
1.30501e-09
1.30734e-09
1.30966e-09
1.31196e-09
1.31425e-09
1.31652e-09
1.31877e-09
1.32101e-09
1.32323e-09
1.32544e-09
1.32763e-09
1.3298e-09
1.33196e-09
1.3341e-09
1.33623e-09
1.33834e-09
1.34043e-09
1.34251e-09
1.34457e-09
1.34662e-09
1.34865e-09
1.35066e-09
1.35266e-09
1.35464e-09
1.35661e-09
1.35856e-09
1.36049e-09
1.36241e-09
1.36431e-09
1.3662e-09
1.36807e-09
1.36992e-09
1.37176e-09
1.37358e-09
1.37538e-09
1.37717e-09
1.37894e-09
1.3807e-09
1.38244e-09
1.38416e-09
1.38587e-09
1.38756e-09
1.38924e-09
1.3909e-09
1.39254e-09
1.39416e-09
1.39577e-09
1.39737e-09
1.39895e-09
1.40051e-09
1.40205e-09
1.40358e-09
1.40509e-09
1.40659e-09
1.40807e-09
1.40953e-09
1.41098e-09
1.41241e-09
1.41382e-09
1.41522e-09
1.4166e-09
1.41796e-09
1.41931e-09
1.42064e-09
1.42195e-09
1.42325e-09
1.42452e-09
1.42578e-09
1.42702e-09
1.42825e-09
1.42945e-09
1.43064e-09
1.4318e-09
1.43295e-09
1.43408e-09
1.43519e-09
1.43628e-09
1.43736e-09
1.43842e-09
1.43947e-09
1.4405e-09
1.44152e-09
1.44254e-09
1.44354e-09
1.44455e-09
1.44555e-09
1.44655e-09
1.44755e-09
1.44855e-09
1.44955e-09
1.45054e-09
1.45152e-09
1.45249e-09
1.45343e-09
1.45433e-09
1.4552e-09
1.45602e-09
1.45678e-09
1.45749e-09
1.45813e-09
1.45872e-09
1.45926e-09
1.45977e-09
1.46026e-09
1.46074e-09
1.46123e-09
1.46176e-09
1.46234e-09
1.46296e-09
1.46364e-09
1.46437e-09
1.46513e-09
1.46589e-09
1.46664e-09
1.46734e-09
1.46796e-09
1.46848e-09
1.4689e-09
1.46921e-09
1.46942e-09
1.46955e-09
1.46966e-09
1.46976e-09
1.46989e-09
1.4701e-09
1.47039e-09
1.47077e-09
1.47123e-09
1.47173e-09
1.47224e-09
1.47271e-09
1.47311e-09
1.47341e-09
1.47359e-09
1.47365e-09
1.47362e-09
1.47353e-09
1.47342e-09
1.47334e-09
1.4733e-09
1.47333e-09
1.47343e-09
1.47357e-09
1.47373e-09
1.47387e-09
1.47396e-09
1.47397e-09
1.47392e-09
1.47379e-09
1.47362e-09
1.47343e-09
1.47325e-09
1.47308e-09
1.47294e-09
1.47282e-09
1.47269e-09
1.47254e-09
1.47234e-09
1.47208e-09
1.47177e-09
1.47142e-09
1.47106e-09
1.4707e-09
1.47037e-09
1.47007e-09
1.46979e-09
1.4695e-09
1.4692e-09
1.46884e-09
1.46842e-09
1.46794e-09
1.4674e-09
1.46685e-09
1.46629e-09
1.46575e-09
1.46524e-09
1.46475e-09
1.46427e-09
1.46375e-09
1.4632e-09
1.46258e-09
1.46192e-09
1.46122e-09
1.46051e-09
1.4598e-09
1.45912e-09
1.45845e-09
1.45779e-09
1.4571e-09
1.45638e-09
1.45561e-09
1.45478e-09
1.45391e-09
1.45302e-09
1.45214e-09
1.45128e-09
1.45043e-09
1.4496e-09
1.44874e-09
1.44786e-09
1.44692e-09
1.44592e-09
1.44489e-09
1.44385e-09
1.44281e-09
1.44178e-09
1.44078e-09
1.43977e-09
1.43873e-09
1.43766e-09
1.43654e-09
1.43537e-09
1.43417e-09
1.43296e-09
1.43176e-09
1.43058e-09
1.42941e-09
1.42823e-09
1.42702e-09
1.42576e-09
1.42445e-09
1.4231e-09
1.42174e-09
1.42038e-09
1.41903e-09
1.41769e-09
1.41635e-09
1.41499e-09
1.41358e-09
1.41212e-09
1.41062e-09
1.4091e-09
1.40758e-09
1.40607e-09
1.40458e-09
1.40308e-09
1.40155e-09
1.39999e-09
1.39838e-09
1.39672e-09
1.39505e-09
1.39337e-09
1.3917e-09
1.39004e-09
1.38837e-09
1.38669e-09
1.38496e-09
1.38318e-09
1.38136e-09
1.37952e-09
1.37768e-09
1.37585e-09
1.37403e-09
1.3722e-09
1.37034e-09
1.36843e-09
1.36648e-09
1.36449e-09
1.36248e-09
1.36048e-09
1.35848e-09
1.35649e-09
1.35448e-09
1.35243e-09
1.35034e-09
1.3482e-09
1.34603e-09
1.34385e-09
1.34167e-09
1.33951e-09
1.33733e-09
1.33514e-09
1.3329e-09
1.33061e-09
1.32828e-09
1.32593e-09
1.32359e-09
1.32124e-09
1.31891e-09
1.31655e-09
1.31416e-09
1.31172e-09
1.30924e-09
1.30673e-09
1.30422e-09
1.3017e-09
1.2992e-09
1.29668e-09
1.29413e-09
1.29154e-09
1.28891e-09
1.28624e-09
1.28356e-09
1.28088e-09
1.27821e-09
1.27553e-09
1.27283e-09
1.27008e-09
1.2673e-09
1.26447e-09
1.26163e-09
1.25879e-09
1.25596e-09
1.25312e-09
1.25026e-09
1.24737e-09
1.24443e-09
1.24146e-09
1.23846e-09
1.23546e-09
1.23247e-09
1.22948e-09
1.22647e-09
1.22343e-09
1.22034e-09
1.21722e-09
1.21407e-09
1.21092e-09
1.20778e-09
1.20464e-09
1.20149e-09
1.1983e-09
1.19507e-09
1.1918e-09
1.18851e-09
1.18522e-09
1.18194e-09
1.17865e-09
1.17535e-09
1.17202e-09
1.16865e-09
1.16524e-09
1.16182e-09
1.15839e-09
1.15497e-09
1.15156e-09
1.14812e-09
1.14465e-09
1.14115e-09
1.13761e-09
1.13405e-09
1.1305e-09
1.12696e-09
1.12341e-09
1.11985e-09
1.11625e-09
1.11261e-09
1.10895e-09
1.10527e-09
1.10161e-09
1.09794e-09
1.09428e-09
1.09059e-09
1.08687e-09
1.08311e-09
1.07933e-09
1.07555e-09
1.07177e-09
1.068e-09
1.06423e-09
1.06043e-09
1.05659e-09
1.05272e-09
1.04883e-09
1.04495e-09
1.04108e-09
1.03721e-09
1.03333e-09
1.02942e-09
1.02548e-09
1.02151e-09
1.01753e-09
1.01356e-09
1.0096e-09
1.00564e-09
1.00166e-09
9.97652e-10
9.93612e-10
9.89555e-10
9.85498e-10
9.81452e-10
9.77414e-10
9.7337e-10
9.69303e-10
9.65206e-10
9.61083e-10
9.56952e-10
9.52828e-10
9.48717e-10
9.44609e-10
9.40489e-10
9.36342e-10
9.32168e-10
9.27976e-10
9.23786e-10
9.19608e-10
9.15442e-10
9.11272e-10
9.07084e-10
9.02867e-10
8.98629e-10
8.94385e-10
8.9015e-10
8.85931e-10
8.81717e-10
8.77492e-10
8.73244e-10
8.68971e-10
8.64685e-10
8.60405e-10
8.5614e-10
8.51887e-10
8.47633e-10
8.4336e-10
8.39063e-10
8.3475e-10
8.30435e-10
8.26135e-10
8.2185e-10
8.17572e-10
8.13282e-10
8.08971e-10
8.04641e-10
8.00304e-10
7.95979e-10
7.91671e-10
7.87376e-10
7.83077e-10
7.7876e-10
7.74423e-10
7.70077e-10
7.65737e-10
7.61416e-10
7.57111e-10
7.5281e-10
7.48496e-10
7.44163e-10
7.39817e-10
7.35475e-10
7.3115e-10
7.26845e-10
7.22549e-10
7.18246e-10
7.13926e-10
7.09592e-10
7.05258e-10
7.00939e-10
6.96642e-10
6.9236e-10
6.88076e-10
6.83778e-10
6.79466e-10
6.75151e-10
6.70849e-10
6.6657e-10
6.62309e-10
6.58053e-10
6.53786e-10
6.49505e-10
6.45219e-10
6.40944e-10
6.36692e-10
6.32462e-10
6.28241e-10
6.24013e-10
6.19772e-10
6.15525e-10
6.11288e-10
6.07073e-10
6.02883e-10
5.98705e-10
5.94524e-10
5.90333e-10
5.86134e-10
5.81944e-10
5.77776e-10
5.73633e-10
5.69508e-10
5.65383e-10
5.61248e-10
5.57107e-10
5.52973e-10
5.48861e-10
5.44776e-10
5.4071e-10
5.36649e-10
5.32581e-10
5.28505e-10
5.24437e-10
5.20389e-10
5.1637e-10
5.12373e-10
5.08383e-10
5.04388e-10
5.00387e-10
4.96392e-10
4.92418e-10
4.88473e-10
4.84553e-10
4.80642e-10
4.76728e-10
4.72809e-10
4.68895e-10
4.65003e-10
4.61141e-10
4.57305e-10
4.53481e-10
4.49655e-10
4.45825e-10
4.42001e-10
4.38199e-10
4.34427e-10
4.30683e-10
4.26952e-10
4.23221e-10
4.19487e-10
4.1576e-10
4.12055e-10
4.08381e-10
4.04736e-10
4.01105e-10
3.97476e-10
3.93845e-10
3.90221e-10
3.8662e-10
3.83052e-10
3.79512e-10
3.75988e-10
3.72467e-10
3.68944e-10
3.6543e-10
3.6194e-10
3.58482e-10
3.55055e-10
3.51644e-10
3.48236e-10
3.44828e-10
3.41429e-10
3.38056e-10
3.34715e-10
3.31405e-10
3.28112e-10
3.24823e-10
3.21535e-10
3.18257e-10
3.15006e-10
3.11788e-10
3.08601e-10
3.05431e-10
3.02265e-10
2.99101e-10
2.95949e-10
2.92825e-10
2.89735e-10
2.86676e-10
2.83633e-10
2.80594e-10
2.77558e-10
2.74537e-10
2.71544e-10
2.68587e-10
2.65659e-10
2.62746e-10
2.59839e-10
2.56935e-10
2.54048e-10
2.5119e-10
2.48368e-10
2.45575e-10
2.42797e-10
2.40023e-10
2.37255e-10
2.34504e-10
2.31786e-10
2.29102e-10
2.26447e-10
2.23805e-10
2.21167e-10
2.18537e-10
2.15926e-10
2.13349e-10
2.10806e-10
2.0829e-10
2.05786e-10
2.03287e-10
2.00796e-10
1.98327e-10
1.95892e-10
1.93493e-10
1.91117e-10
1.88752e-10
1.86391e-10
1.84041e-10
1.81716e-10
1.79425e-10
1.77169e-10
1.74934e-10
1.72708e-10
1.70487e-10
1.68279e-10
1.66097e-10
1.63951e-10
1.61837e-10
1.59743e-10
1.57655e-10
1.55574e-10
1.53507e-10
1.51469e-10
1.49466e-10
1.47494e-10
1.45538e-10
1.43589e-10
1.41645e-10
1.39719e-10
1.37824e-10
1.35963e-10
1.3413e-10
1.32311e-10
1.30497e-10
1.2869e-10
1.26903e-10
1.25148e-10
1.23427e-10
1.2173e-10
1.20044e-10
1.18361e-10
1.16688e-10
1.15037e-10
1.1342e-10
1.11834e-10
1.10268e-10
1.08711e-10
1.07156e-10
1.05613e-10
1.04095e-10
1.0261e-10
1.01153e-10
9.97132e-11
9.82777e-11
9.68459e-11
9.54276e-11
9.40359e-11
9.26761e-11
9.13416e-11
9.00187e-11
8.86979e-11
8.73811e-11
8.60801e-11
8.48067e-11
8.35631e-11
8.23398e-11
8.11235e-11
7.9907e-11
7.86955e-11
7.75017e-11
7.63354e-11
7.51955e-11
7.40705e-11
7.29477e-11
7.18233e-11
7.07053e-11
6.96066e-11
6.85345e-11
6.74846e-11
6.6444e-11
6.54018e-11
6.43579e-11
6.33226e-11
6.23084e-11
6.13195e-11
6.03484e-11
5.93818e-11
5.84115e-11
5.74411e-11
5.64827e-11
5.55473e-11
5.46355e-11
5.37372e-11
5.28395e-11
5.19377e-11
5.10385e-11
5.0155e-11
4.92954e-11
4.84565e-11
4.76261e-11
4.67931e-11
4.59562e-11
4.51252e-11
4.43124e-11
4.35229e-11
4.27497e-11
4.198e-11
4.12051e-11
4.04278e-11
3.96599e-11
3.89125e-11
3.81865e-11
3.74724e-11
3.67576e-11
3.60369e-11
3.53171e-11
3.46108e-11
3.39264e-11
3.32608e-11
3.26022e-11
3.19395e-11
3.12718e-11
3.06086e-11
2.99623e-11
2.93373e-11
2.87269e-11
2.81182e-11
2.75032e-11
2.68849e-11
2.62753e-11
2.56848e-11
2.5114e-11
2.4553e-11
2.39896e-11
2.34194e-11
2.28498e-11
2.22931e-11
2.17569e-11
2.12375e-11
2.07226e-11
2.02022e-11
1.96761e-11
1.91547e-11
1.86495e-11
1.81642e-11
1.76909e-11
1.72171e-11
1.67359e-11
1.62518e-11
1.57769e-11
1.53207e-11
1.48822e-11
1.44507e-11
1.40148e-11
1.35719e-11
1.31302e-11
1.2702e-11
1.22931e-11
1.18982e-11
1.15049e-11
1.11043e-11
1.06986e-11
1.02987e-11
9.91552e-12
9.55038e-12
9.19417e-12
8.83485e-12
8.46761e-12
8.09884e-12
7.74078e-12
7.40111e-12
7.07652e-12
6.75542e-12
6.42773e-12
6.0933e-12
5.76199e-12
5.44532e-12
5.14669e-12
4.85851e-12
4.56858e-12
4.27039e-12
3.96857e-12
3.67495e-12
3.39852e-12
3.13778e-12
2.88205e-12
2.62041e-12
2.351e-12
2.08248e-12
1.82669e-12
1.58857e-12
1.36198e-12
1.13486e-12
8.99474e-13
6.58931e-13
4.245e-13
2.06015e-13
3.49391e-15
-1.92888e-13
-3.94469e-13
-6.04489e-13
-8.15375e-13
-1.01522e-12
-1.19795e-12
-1.36848e-12
-1.53858e-12
-1.71682e-12
-1.90133e-12
-2.08141e-12
-2.2467e-12
-2.39603e-12
-2.53843e-12
-2.68543e-12
-2.84128e-12
-2.9993e-12
-3.14768e-12
-3.27956e-12
-3.39889e-12
-3.51712e-12
-3.64334e-12
-3.77661e-12
-3.90675e-12
-4.0231e-12
-4.12368e-12
-4.21687e-12
-4.31426e-12
-4.42074e-12
-4.53034e-12
-4.63137e-12
-4.71649e-12
-4.78899e-12
-4.85999e-12
-4.9389e-12
-5.02538e-12
-5.10967e-12
-5.18097e-12
-5.23679e-12
-5.28507e-12
-5.33734e-12
-5.39887e-12
-5.46414e-12
-5.52162e-12
-5.56371e-12
-5.59332e-12
-5.62134e-12
-5.65728e-12
-5.70111e-12
-5.74333e-12
-5.77315e-12
-5.78786e-12
-5.79512e-12
-5.80641e-12
-5.82709e-12
-5.85184e-12
-5.86927e-12
-5.87177e-12
-5.8621e-12
-5.85102e-12
-5.84799e-12
-5.85302e-12
-5.8567e-12
-5.84834e-12
-5.82527e-12
-5.79512e-12
-5.76924e-12
-5.75288e-12
-5.74067e-12
-5.72132e-12
-5.6874e-12
-5.6418e-12
-5.59524e-12
-5.55696e-12
-5.52674e-12
-5.49514e-12
-5.45166e-12
-5.39392e-12
-5.32972e-12
-5.27025e-12
-5.2204e-12
-5.17455e-12
-5.12147e-12
-5.0541e-12
-4.97569e-12
-4.897e-12
-4.82692e-12
-4.76477e-12
-4.70092e-12
-4.6252e-12
-4.53575e-12
-4.44067e-12
-4.35096e-12
-4.27092e-12
-4.19449e-12
-4.1105e-12
-4.01245e-12
-3.9042e-12
-3.79657e-12
-3.69794e-12
-3.60694e-12
-3.51368e-12
-3.40841e-12
-3.29004e-12
-3.16711e-12
-3.0503e-12
-2.94315e-12
-2.83896e-12
-2.72669e-12
-2.60061e-12
-2.46535e-12
-2.33183e-12
-2.20772e-12
-2.09073e-12
-1.97068e-12
-1.83839e-12
-1.69376e-12
-1.54585e-12
-1.40494e-12
-1.27354e-12
-1.14421e-12
-1.00612e-12
-8.54556e-13
-6.95051e-13
-5.38548e-13
-3.91793e-13
-2.51438e-13
-1.07001e-13
4.99036e-14
2.18194e-13
3.8827e-13
5.50443e-13
7.03437e-13
8.55487e-13
1.01707e-12
1.1917e-12
1.37278e-12
1.54949e-12
1.71622e-12
1.87752e-12
2.04409e-12
2.2233e-12
2.41271e-12
2.60222e-12
2.78297e-12
2.95513e-12
3.12771e-12
3.31063e-12
3.50592e-12
3.70596e-12
3.90018e-12
4.08439e-12
4.26444e-12
4.45106e-12
4.65034e-12
4.85837e-12
5.06469e-12
5.2615e-12
5.45059e-12
5.64168e-12
5.84383e-12
6.05743e-12
6.27383e-12
6.48301e-12
6.68243e-12
6.87925e-12
7.08398e-12
7.30115e-12
7.52531e-12
7.74584e-12
7.95636e-12
8.16038e-12
8.36813e-12
8.58751e-12
8.81706e-12
9.04727e-12
9.269e-12
9.48158e-12
9.69337e-12
9.91435e-12
1.01472e-11
1.0385e-11
1.06173e-11
1.08394e-11
1.10566e-11
1.12793e-11
1.15139e-11
1.1757e-11
1.19985e-11
1.22305e-11
1.24545e-11
1.26796e-11
1.29151e-11
1.31614e-11
1.34104e-11
1.3652e-11
1.38838e-11
1.41126e-11
1.43486e-11
1.45964e-11
1.48507e-11
1.51011e-11
1.53414e-11
1.55751e-11
1.58121e-11
1.60603e-11
1.63179e-11
1.65755e-11
1.68244e-11
1.70641e-11
1.73031e-11
1.7551e-11
1.781e-11
1.8073e-11
1.833e-11
1.85767e-11
1.88187e-11
1.90664e-11
1.93254e-11
1.95919e-11
1.98558e-11
2.01099e-11
2.03563e-11
2.06042e-11
2.08623e-11
2.11304e-11
2.13998e-11
2.16611e-11
2.19128e-11
2.21621e-11
2.2419e-11
2.26869e-11
2.296e-11
2.32279e-11
2.34855e-11
2.37373e-11
2.39932e-11
2.42599e-11
2.45348e-11
2.48081e-11
2.50719e-11
2.53272e-11
2.55828e-11
2.58477e-11
2.61226e-11
2.63998e-11
2.66696e-11
2.69293e-11
2.71856e-11
2.74484e-11
2.7722e-11
2.80013e-11
2.82763e-11
2.8541e-11
2.8799e-11
2.90601e-11
2.93314e-11
2.96112e-11
2.98901e-11
3.01599e-11
3.04206e-11
3.06807e-11
3.09493e-11
3.12279e-11
3.15094e-11
3.17839e-11
3.20481e-11
3.23082e-11
3.25739e-11
3.28502e-11
3.31325e-11
3.34109e-11
3.36791e-11
3.39401e-11
3.42035e-11
3.44766e-11
3.47582e-11
3.50393e-11
3.53115e-11
3.55744e-11
3.5836e-11
3.61056e-11
3.6385e-11
3.66675e-11
3.69432e-11
3.72087e-11
3.74696e-11
3.77356e-11
3.80118e-11
3.82941e-11
3.85727e-11
3.88411e-11
3.91021e-11
3.9365e-11
3.96372e-11
3.99179e-11
4.01981e-11
4.04695e-11
4.07315e-11
4.0992e-11
4.126e-11
4.15377e-11
4.18183e-11
4.20922e-11
4.23559e-11
4.26147e-11
4.28785e-11
4.31523e-11
4.34318e-11
4.37076e-11
4.39733e-11
4.42314e-11
4.44914e-11
4.47605e-11
4.50377e-11
4.53143e-11
4.55819e-11
4.58402e-11
4.6097e-11
4.63612e-11
4.66348e-11
4.69109e-11
4.71803e-11
4.74393e-11
4.76937e-11
4.7953e-11
4.8222e-11
4.84965e-11
4.87668e-11
4.9027e-11
4.92798e-11
4.95346e-11
4.97985e-11
5.00699e-11
5.03403e-11
5.06016e-11
5.08537e-11
5.11046e-11
5.1363e-11
5.16303e-11
5.18997e-11
5.21618e-11
5.24138e-11
5.26615e-11
5.29144e-11
5.31767e-11
5.34439e-11
5.37063e-11
5.39586e-11
5.42039e-11
5.44516e-11
5.47083e-11
5.4972e-11
5.5234e-11
5.54865e-11
5.57302e-11
5.59733e-11
5.6224e-11
5.64833e-11
5.67437e-11
5.69964e-11
5.72392e-11
5.74783e-11
5.77229e-11
5.79769e-11
5.82347e-11
5.84872e-11
5.87293e-11
5.89652e-11
5.92041e-11
5.9452e-11
5.97062e-11
5.99576e-11
6.01994e-11
6.04328e-11
6.06664e-11
6.09079e-11
6.11574e-11
6.1407e-11
6.16483e-11
6.188e-11
6.21088e-11
6.23438e-11
6.25877e-11
6.28345e-11
6.30751e-11
6.33053e-11
6.35302e-11
6.37589e-11
6.39966e-11
6.42395e-11
6.44787e-11
6.47079e-11
6.49295e-11
6.51522e-11
6.53832e-11
6.56214e-11
6.58585e-11
6.60866e-11
6.63056e-11
6.65229e-11
6.67471e-11
6.69796e-11
6.72137e-11
6.74406e-11
6.76575e-11
6.78701e-11
6.80874e-11
6.83136e-11
6.85439e-11
6.87692e-11
6.89843e-11
6.91928e-11
6.94036e-11
6.9623e-11
6.98485e-11
7.00715e-11
7.0285e-11
7.04901e-11
7.06949e-11
7.09072e-11
7.11271e-11
7.13472e-11
7.15591e-11
7.17613e-11
7.19606e-11
7.21658e-11
7.23794e-11
7.25957e-11
7.28056e-11
7.30055e-11
7.32e-11
7.33982e-11
7.3605e-11
7.38166e-11
7.40242e-11
7.42219e-11
7.44123e-11
7.46039e-11
7.48034e-11
7.50097e-11
7.52143e-11
7.541e-11
7.55968e-11
7.57823e-11
7.59745e-11
7.61746e-11
7.63756e-11
7.65692e-11
7.67529e-11
7.69329e-11
7.71178e-11
7.73112e-11
7.75079e-11
7.76989e-11
7.788e-11
7.80551e-11
7.8233e-11
7.84192e-11
7.86108e-11
7.8799e-11
7.89775e-11
7.91483e-11
7.93196e-11
7.94985e-11
7.96842e-11
7.98689e-11
8.00451e-11
8.02122e-11
8.03773e-11
8.05487e-11
8.0728e-11
8.09087e-11
8.10823e-11
8.12462e-11
8.14058e-11
8.15698e-11
8.17422e-11
8.19181e-11
8.20889e-11
8.22498e-11
8.24045e-11
8.25615e-11
8.27266e-11
8.28971e-11
8.30647e-11
8.32229e-11
8.33732e-11
8.35235e-11
8.36811e-11
8.38457e-11
8.40095e-11
8.4165e-11
8.43115e-11
8.44557e-11
8.46058e-11
8.47638e-11
8.49234e-11
8.50761e-11
8.52191e-11
8.53577e-11
8.55006e-11
8.56516e-11
8.58062e-11
8.59559e-11
8.60958e-11
8.62295e-11
8.63653e-11
8.6509e-11
8.66582e-11
8.68045e-11
8.69415e-11
8.70707e-11
8.71999e-11
8.73362e-11
8.74793e-11
8.76218e-11
8.7756e-11
8.78812e-11
8.80043e-11
8.81332e-11
8.82698e-11
8.84079e-11
8.85392e-11
8.86609e-11
8.87784e-11
8.89001e-11
8.90298e-11
8.9163e-11
8.92912e-11
8.94097e-11
8.95222e-11
8.9637e-11
8.97595e-11
8.98873e-11
9.00121e-11
9.01276e-11
9.02356e-11
9.03438e-11
9.04591e-11
9.0581e-11
9.07019e-11
9.08146e-11
9.09185e-11
9.10206e-11
9.11288e-11
9.12443e-11
9.1361e-11
9.14707e-11
9.15711e-11
9.16676e-11
9.17687e-11
9.18776e-11
9.19895e-11
9.20962e-11
9.21933e-11
9.22848e-11
9.2379e-11
9.2481e-11
9.25878e-11
9.26911e-11
9.27852e-11
9.28722e-11
9.29599e-11
9.3055e-11
9.31561e-11
9.32558e-11
9.3347e-11
9.34299e-11
9.35117e-11
9.35997e-11
9.36948e-11
9.37905e-11
9.38789e-11
9.39582e-11
9.40344e-11
9.41155e-11
9.42043e-11
9.42956e-11
9.4381e-11
9.44571e-11
9.45283e-11
9.46028e-11
9.4685e-11
9.47714e-11
9.48538e-11
9.49269e-11
9.49935e-11
9.50617e-11
9.51373e-11
9.52184e-11
9.52974e-11
9.53677e-11
9.54303e-11
9.54925e-11
9.55615e-11
9.5637e-11
9.57123e-11
9.57799e-11
9.58389e-11
9.58957e-11
9.5958e-11
9.60277e-11
9.60989e-11
9.61638e-11
9.62195e-11
9.62713e-11
9.63272e-11
9.63908e-11
9.64577e-11
9.65197e-11
9.65725e-11
9.66198e-11
9.66696e-11
9.67269e-11
9.6789e-11
9.6848e-11
9.68982e-11
9.69414e-11
9.69854e-11
9.70364e-11
9.70935e-11
9.71492e-11
9.71968e-11
9.72365e-11
9.72751e-11
9.73199e-11
9.73716e-11
9.74238e-11
9.74689e-11
9.75053e-11
9.7539e-11
9.75777e-11
9.76238e-11
9.76721e-11
9.77147e-11
9.77483e-11
9.77775e-11
9.78103e-11
9.78506e-11
9.78948e-11
9.79348e-11
9.79658e-11
9.7991e-11
9.80182e-11
9.80527e-11
9.80924e-11
9.81296e-11
9.81583e-11
9.81799e-11
9.82018e-11
9.82305e-11
9.82654e-11
9.82996e-11
9.8326e-11
9.83445e-11
9.83616e-11
9.83845e-11
9.84145e-11
9.84454e-11
9.84696e-11
9.84853e-11
9.84979e-11
9.85153e-11
9.85401e-11
9.85674e-11
9.85894e-11
9.86027e-11
9.86113e-11
9.86233e-11
9.86428e-11
9.86664e-11
9.8686e-11
9.86971e-11
9.87022e-11
9.87091e-11
9.87233e-11
9.87427e-11
9.876e-11
9.87689e-11
9.87709e-11
9.87731e-11
9.8782e-11
9.87972e-11
9.88117e-11
9.88188e-11
9.8818e-11
9.88159e-11
9.88196e-11
9.88302e-11
9.88419e-11
9.88471e-11
9.88439e-11
9.88379e-11
9.88365e-11
9.88424e-11
9.8851e-11
9.88543e-11
9.88491e-11
9.88395e-11
9.88333e-11
9.88345e-11
9.88397e-11
9.88411e-11
9.8834e-11
9.88213e-11
9.88105e-11
9.88069e-11
9.88085e-11
9.88079e-11
9.87992e-11
9.87837e-11
9.87687e-11
9.87603e-11
9.87582e-11
9.87553e-11
9.8745e-11
9.87272e-11
9.87083e-11
9.86953e-11
9.86891e-11
9.86838e-11
9.86721e-11
9.86522e-11
9.86298e-11
9.86123e-11
9.8602e-11
9.85941e-11
9.85809e-11
9.85593e-11
9.85338e-11
9.85119e-11
9.84975e-11
9.84867e-11
9.8472e-11
9.84489e-11
9.84206e-11
9.83947e-11
9.8376e-11
9.83622e-11
9.83459e-11
9.83215e-11
9.82909e-11
9.82612e-11
9.82383e-11
9.82212e-11
9.82031e-11
9.81776e-11
9.81449e-11
9.81118e-11
9.80848e-11
9.80643e-11
9.80443e-11
9.80177e-11
9.79833e-11
9.7947e-11
9.7916e-11
9.78921e-11
9.787e-11
9.78423e-11
9.78065e-11
9.77675e-11
9.77326e-11
9.77051e-11
9.76807e-11
9.76519e-11
9.7615e-11
9.75735e-11
9.7535e-11
9.75038e-11
9.7477e-11
9.7447e-11
9.74091e-11
9.73656e-11
9.73237e-11
9.72889e-11
9.72594e-11
9.72282e-11
9.71895e-11
9.71443e-11
9.70993e-11
9.70608e-11
9.70286e-11
9.6996e-11
9.69565e-11
9.69099e-11
9.68621e-11
9.68201e-11
9.6785e-11
9.67508e-11
9.67107e-11
9.66629e-11
9.66127e-11
9.65673e-11
9.65291e-11
9.64933e-11
9.64525e-11
9.64038e-11
9.63515e-11
9.63029e-11
9.62616e-11
9.62239e-11
9.61825e-11
9.61331e-11
9.60789e-11
9.60273e-11
9.59829e-11
9.59432e-11
9.5901e-11
9.58511e-11
9.57954e-11
9.5741e-11
9.56935e-11
9.56516e-11
9.56085e-11
9.55582e-11
9.55013e-11
9.54445e-11
9.53939e-11
9.53497e-11
9.53056e-11
9.5255e-11
9.51972e-11
9.51381e-11
9.50846e-11
9.5038e-11
9.49927e-11
9.49418e-11
9.48833e-11
9.48223e-11
9.4766e-11
9.47168e-11
9.46703e-11
9.4619e-11
9.45601e-11
9.44975e-11
9.44385e-11
9.43868e-11
9.43388e-11
9.42872e-11
9.4228e-11
9.41641e-11
9.41026e-11
9.40483e-11
9.39987e-11
9.39467e-11
9.38874e-11
9.38224e-11
9.37587e-11
9.37017e-11
9.36504e-11
9.3598e-11
9.35386e-11
9.34728e-11
9.34071e-11
9.33476e-11
9.32944e-11
9.32414e-11
9.3182e-11
9.31157e-11
9.30482e-11
9.29863e-11
9.29311e-11
9.28773e-11
9.2818e-11
9.27514e-11
9.26824e-11
9.26181e-11
9.25609e-11
9.25063e-11
9.2447e-11
9.23802e-11
9.231e-11
9.22436e-11
9.21843e-11
9.21286e-11
9.20693e-11
9.20026e-11
9.19314e-11
9.18629e-11
9.18015e-11
9.17446e-11
9.16853e-11
9.16188e-11
9.15469e-11
9.14765e-11
9.1413e-11
9.13548e-11
9.12954e-11
9.12291e-11
9.11567e-11
9.10848e-11
9.10191e-11
9.09596e-11
9.08999e-11
9.08339e-11
9.07613e-11
9.06879e-11
9.06202e-11
9.05591e-11
9.04991e-11
9.04335e-11
9.03608e-11
9.02862e-11
9.02166e-11
9.0154e-11
9.00934e-11
9.00281e-11
8.99556e-11
8.98801e-11
8.98087e-11
8.97443e-11
8.96832e-11
8.96182e-11
8.95459e-11
8.94697e-11
8.93966e-11
8.93305e-11
8.92686e-11
8.92039e-11
8.9132e-11
8.90553e-11
8.89807e-11
8.89129e-11
8.88502e-11
8.87857e-11
8.87143e-11
8.86373e-11
8.85613e-11
8.84918e-11
8.84281e-11
8.83637e-11
8.82928e-11
8.82158e-11
8.81386e-11
8.80675e-11
8.80026e-11
8.79382e-11
8.78679e-11
8.7791e-11
8.77129e-11
8.76402e-11
8.75741e-11
8.75096e-11
8.74399e-11
8.73633e-11
8.72844e-11
8.72102e-11
8.71428e-11
8.7078e-11
8.70089e-11
8.69327e-11
8.68533e-11
8.67777e-11
8.6709e-11
8.66439e-11
8.65753e-11
8.64996e-11
8.64199e-11
8.6343e-11
8.62729e-11
8.62073e-11
8.61392e-11
8.60642e-11
8.59843e-11
8.59062e-11
8.58348e-11
8.57686e-11
8.57009e-11
8.56266e-11
8.55468e-11
8.54677e-11
8.53949e-11
8.5328e-11
8.52606e-11
8.51871e-11
8.51074e-11
8.50275e-11
8.49535e-11
8.48857e-11
8.48185e-11
8.47458e-11
8.46665e-11
8.4586e-11
8.45106e-11
8.44419e-11
8.43749e-11
8.43029e-11
8.42241e-11
8.41431e-11
8.40666e-11
8.39969e-11
8.39299e-11
8.38587e-11
8.37805e-11
8.36992e-11
8.36216e-11
8.35509e-11
8.34837e-11
8.34132e-11
8.33358e-11
8.32544e-11
8.31758e-11
8.3104e-11
8.30366e-11
8.29667e-11
8.28901e-11
8.28088e-11
8.27294e-11
8.26565e-11
8.25887e-11
8.25194e-11
8.24437e-11
8.23626e-11
8.22824e-11
8.22085e-11
8.21402e-11
8.20715e-11
8.19966e-11
8.19159e-11
8.18351e-11
8.17602e-11
8.16913e-11
8.1623e-11
8.15491e-11
8.14688e-11
8.13876e-11
8.13117e-11
8.12421e-11
8.11741e-11
8.11011e-11
8.10216e-11
8.09401e-11
8.08631e-11
8.07929e-11
8.07251e-11
8.0653e-11
8.05742e-11
8.04925e-11
8.04148e-11
8.03438e-11
8.0276e-11
8.02048e-11
8.01268e-11
8.00452e-11
7.99666e-11
7.98948e-11
7.9827e-11
7.97566e-11
7.96795e-11
7.95981e-11
7.95189e-11
7.94462e-11
7.93783e-11
7.93087e-11
7.92325e-11
7.91514e-11
7.90716e-11
7.89981e-11
7.893e-11
7.8861e-11
7.87859e-11
7.87052e-11
7.8625e-11
7.85507e-11
7.84822e-11
7.84137e-11
7.83396e-11
7.82596e-11
7.8179e-11
7.81039e-11
7.8035e-11
7.79671e-11
7.7894e-11
7.78146e-11
7.77338e-11
7.7658e-11
7.75886e-11
7.7521e-11
7.7449e-11
7.73704e-11
7.72896e-11
7.7213e-11
7.71431e-11
7.70758e-11
7.70047e-11
7.6927e-11
7.68463e-11
7.6769e-11
7.66985e-11
7.66314e-11
7.65613e-11
7.64845e-11
7.6404e-11
7.63262e-11
7.62551e-11
7.61881e-11
7.61188e-11
7.6043e-11
7.59629e-11
7.58846e-11
7.58128e-11
7.57458e-11
7.56773e-11
7.56026e-11
7.55229e-11
7.54443e-11
7.53718e-11
7.53047e-11
7.5237e-11
7.51633e-11
7.50842e-11
7.50053e-11
7.49322e-11
7.48649e-11
7.47978e-11
7.47252e-11
7.46468e-11
7.45677e-11
7.4494e-11
7.44264e-11
7.43599e-11
7.42884e-11
7.42107e-11
7.41317e-11
7.40574e-11
7.39894e-11
7.39234e-11
7.38529e-11
7.37761e-11
7.36971e-11
7.36223e-11
7.3554e-11
7.34883e-11
7.34189e-11
7.3343e-11
7.32642e-11
7.31889e-11
7.31201e-11
7.30547e-11
7.29863e-11
7.29114e-11
7.28329e-11
7.27572e-11
7.26879e-11
7.26227e-11
7.25552e-11
7.24814e-11
7.24033e-11
7.23272e-11
7.22575e-11
7.21923e-11
7.21257e-11
7.20529e-11
7.19754e-11
7.1899e-11
7.18288e-11
7.17637e-11
7.16979e-11
7.16262e-11
7.15492e-11
7.14727e-11
7.1402e-11
7.13368e-11
7.12717e-11
7.12011e-11
7.11249e-11
7.10483e-11
7.09771e-11
7.09118e-11
7.08473e-11
7.07778e-11
7.07024e-11
7.06258e-11
7.05541e-11
7.04886e-11
7.04247e-11
7.03563e-11
7.02817e-11
7.02053e-11
7.01332e-11
7.00674e-11
7.00039e-11
6.99366e-11
6.98629e-11
6.97867e-11
6.97142e-11
6.96481e-11
6.95851e-11
6.95187e-11
6.94461e-11
6.93702e-11
6.92974e-11
6.92309e-11
6.91682e-11
6.91028e-11
6.90312e-11
6.89557e-11
6.88826e-11
6.88158e-11
6.87532e-11
6.86888e-11
6.86182e-11
6.85433e-11
6.84699e-11
6.84028e-11
6.83403e-11
6.82767e-11
6.82072e-11
6.81329e-11
6.80594e-11
6.79919e-11
6.79295e-11
6.78667e-11
6.77983e-11
6.77246e-11
6.76511e-11
6.75831e-11
6.75207e-11
6.74586e-11
6.73913e-11
6.73184e-11
6.72449e-11
6.71766e-11
6.71141e-11
6.70526e-11
6.69864e-11
6.69143e-11
6.6841e-11
6.67723e-11
6.67097e-11
6.66488e-11
6.65836e-11
6.65124e-11
6.64392e-11
6.63702e-11
6.63074e-11
6.6247e-11
6.61829e-11
6.61126e-11
6.60397e-11
6.59704e-11
6.59073e-11
6.58473e-11
6.57842e-11
6.57149e-11
6.56424e-11
6.55728e-11
6.55095e-11
6.54499e-11
6.53877e-11
6.53194e-11
6.52474e-11
6.51776e-11
6.5114e-11
6.50546e-11
6.49933e-11
6.4926e-11
6.48545e-11
6.47846e-11
6.47207e-11
6.46615e-11
6.4601e-11
6.45348e-11
6.44639e-11
6.4394e-11
6.43297e-11
6.42706e-11
6.42109e-11
6.41458e-11
6.40756e-11
6.40056e-11
6.39411e-11
6.3882e-11
6.3823e-11
6.3759e-11
6.36895e-11
6.36196e-11
6.35547e-11
6.34956e-11
6.34373e-11
6.33743e-11
6.33056e-11
6.32358e-11
6.31707e-11
6.31115e-11
6.30538e-11
6.29918e-11
6.2924e-11
6.28544e-11
6.2789e-11
6.27297e-11
6.26725e-11
6.26115e-11
6.25445e-11
6.24753e-11
6.24096e-11
6.23501e-11
6.22934e-11
6.22334e-11
6.21674e-11
6.20984e-11
6.20326e-11
6.19729e-11
6.19165e-11
6.18575e-11
6.17924e-11
6.17239e-11
6.16579e-11
6.1598e-11
6.15419e-11
6.14837e-11
6.14197e-11
6.13517e-11
6.12855e-11
6.12254e-11
6.11695e-11
6.11122e-11
6.10491e-11
6.09817e-11
6.09155e-11
6.08551e-11
6.07994e-11
6.07429e-11
6.06808e-11
6.0614e-11
6.05478e-11
6.04871e-11
6.04316e-11
6.03758e-11
6.03147e-11
6.02486e-11
6.01824e-11
6.01215e-11
6.0066e-11
6.00108e-11
5.99508e-11
5.98854e-11
5.98194e-11
5.97582e-11
5.97026e-11
5.96481e-11
5.95891e-11
5.95244e-11
5.94586e-11
5.93972e-11
5.93416e-11
5.92876e-11
5.92296e-11
5.91657e-11
5.91001e-11
5.90385e-11
5.89828e-11
5.89293e-11
5.88722e-11
5.88093e-11
5.87439e-11
5.86821e-11
5.86263e-11
5.85732e-11
5.85171e-11
5.8455e-11
5.839e-11
5.8328e-11
5.82721e-11
5.82194e-11
5.81641e-11
5.81029e-11
5.80384e-11
5.79763e-11
5.79201e-11
5.78677e-11
5.78132e-11
5.7753e-11
5.76889e-11
5.76268e-11
5.75704e-11
5.75182e-11
5.74646e-11
5.74053e-11
5.73418e-11
5.72795e-11
5.7223e-11
5.7171e-11
5.71181e-11
5.70597e-11
5.69968e-11
5.69346e-11
5.68778e-11
5.68259e-11
5.67737e-11
5.67163e-11
5.6654e-11
5.65919e-11
5.65348e-11
5.6483e-11
5.64315e-11
5.63751e-11
5.63134e-11
5.62514e-11
5.61942e-11
5.61424e-11
5.60914e-11
5.60359e-11
5.5975e-11
5.59131e-11
5.58557e-11
5.58039e-11
5.57535e-11
5.56989e-11
5.56388e-11
5.55771e-11
5.55195e-11
5.54676e-11
5.54177e-11
5.5364e-11
5.53047e-11
5.52433e-11
5.51855e-11
5.51335e-11
5.5084e-11
5.50312e-11
5.49727e-11
5.49116e-11
5.48537e-11
5.48016e-11
5.47525e-11
5.47005e-11
5.46428e-11
5.45821e-11
5.45241e-11
5.44719e-11
5.4423e-11
5.43719e-11
5.43151e-11
5.42548e-11
5.41967e-11
5.41443e-11
5.40957e-11
5.40454e-11
5.39894e-11
5.39296e-11
5.38714e-11
5.38189e-11
5.37705e-11
5.37209e-11
5.36658e-11
5.36065e-11
5.35483e-11
5.34956e-11
5.34474e-11
5.33985e-11
5.33443e-11
5.32856e-11
5.32274e-11
5.31745e-11
5.31264e-11
5.30781e-11
5.30248e-11
5.29667e-11
5.29086e-11
5.28555e-11
5.28075e-11
5.27598e-11
5.27074e-11
5.26499e-11
5.25919e-11
5.25386e-11
5.24906e-11
5.24435e-11
5.2392e-11
5.23351e-11
5.22773e-11
5.22238e-11
5.21759e-11
5.21292e-11
5.20786e-11
5.20225e-11
5.19648e-11
5.19112e-11
5.18632e-11
5.1817e-11
5.17672e-11
5.17118e-11
5.16544e-11
5.16006e-11
5.15525e-11
5.15068e-11
5.14578e-11
5.14032e-11
5.13461e-11
5.12922e-11
5.1244e-11
5.11986e-11
5.11503e-11
5.10965e-11
5.10398e-11
5.09858e-11
5.09375e-11
5.08923e-11
5.08449e-11
5.07919e-11
5.07355e-11
5.06814e-11
5.0633e-11
5.05881e-11
5.05414e-11
5.04892e-11
5.04333e-11
5.03792e-11
5.03305e-11
5.02859e-11
5.02399e-11
5.01885e-11
5.01331e-11
5.00789e-11
5.00301e-11
4.99857e-11
4.99403e-11
4.98897e-11
4.98348e-11
4.97807e-11
4.97318e-11
4.96874e-11
4.96427e-11
4.95929e-11
4.95386e-11
4.94845e-11
4.94354e-11
4.93911e-11
4.9347e-11
4.9298e-11
4.92443e-11
4.91903e-11
4.9141e-11
4.90968e-11
4.90532e-11
4.90051e-11
4.89519e-11
4.88981e-11
4.88486e-11
4.88045e-11
4.87613e-11
4.8714e-11
4.86615e-11
4.86078e-11
4.85582e-11
4.85141e-11
4.84714e-11
4.84249e-11
4.8373e-11
4.83195e-11
4.82698e-11
4.82256e-11
4.81833e-11
4.81376e-11
4.80864e-11
4.80332e-11
4.79834e-11
4.79391e-11
4.78972e-11
4.78522e-11
4.78018e-11
4.77488e-11
4.76989e-11
4.76546e-11
4.7613e-11
4.75687e-11
4.7519e-11
4.74664e-11
4.74164e-11
4.73719e-11
4.73306e-11
4.72871e-11
4.72381e-11
4.71859e-11
4.71358e-11
4.70912e-11
4.70502e-11
4.70073e-11
4.6959e-11
4.69072e-11
4.68571e-11
4.68124e-11
4.67716e-11
4.67293e-11
4.66819e-11
4.66305e-11
4.65804e-11
4.65356e-11
4.64949e-11
4.64532e-11
4.64065e-11
4.63556e-11
4.63056e-11
4.62606e-11
4.622e-11
4.6179e-11
4.61331e-11
4.60827e-11
4.60326e-11
4.59875e-11
4.59471e-11
4.59066e-11
4.58614e-11
4.58115e-11
4.57616e-11
4.57164e-11
4.5676e-11
4.5636e-11
4.55916e-11
4.55423e-11
4.54925e-11
4.54471e-11
4.54067e-11
4.53672e-11
4.53236e-11
4.52748e-11
4.52252e-11
4.51797e-11
4.51394e-11
4.51003e-11
4.50573e-11
4.50092e-11
4.49598e-11
4.49142e-11
4.48738e-11
4.48352e-11
4.47929e-11
4.47455e-11
4.46962e-11
4.46505e-11
4.46101e-11
4.45718e-11
4.45303e-11
4.44835e-11
4.44345e-11
4.43887e-11
4.43483e-11
4.43103e-11
4.42695e-11
4.42234e-11
4.41747e-11
4.41288e-11
4.40883e-11
4.40506e-11
4.40105e-11
4.3965e-11
4.39167e-11
4.38707e-11
4.38301e-11
4.37927e-11
4.37532e-11
4.37084e-11
4.36604e-11
4.36145e-11
4.35738e-11
4.35366e-11
4.34977e-11
4.34537e-11
4.34061e-11
4.33601e-11
4.33193e-11
4.32823e-11
4.3244e-11
4.32007e-11
4.31535e-11
4.31075e-11
4.30666e-11
4.30298e-11
4.29921e-11
4.29494e-11
4.29027e-11
4.28567e-11
4.28157e-11
4.27791e-11
4.27419e-11
4.26999e-11
4.26537e-11
4.26078e-11
4.25667e-11
4.25301e-11
4.24935e-11
4.24522e-11
4.24065e-11
4.23607e-11
4.23195e-11
4.2283e-11
4.22468e-11
4.22063e-11
4.2161e-11
4.21154e-11
4.2074e-11
4.20376e-11
4.20019e-11
4.1962e-11
4.19173e-11
4.18718e-11
4.18304e-11
4.1794e-11
4.17587e-11
4.17196e-11
4.16754e-11
4.16301e-11
4.15886e-11
4.15522e-11
4.15173e-11
4.14788e-11
4.14353e-11
4.13901e-11
4.13485e-11
4.13122e-11
4.12776e-11
4.12398e-11
4.11968e-11
4.1152e-11
4.11103e-11
4.10739e-11
4.10397e-11
4.10025e-11
4.09602e-11
4.09156e-11
4.08738e-11
4.08374e-11
4.08035e-11
4.0767e-11
4.07252e-11
4.06809e-11
4.06392e-11
4.06027e-11
4.0569e-11
4.05331e-11
4.0492e-11
4.04481e-11
4.04063e-11
4.03697e-11
4.03363e-11
4.0301e-11
4.02606e-11
4.02169e-11
4.01751e-11
4.01385e-11
4.01053e-11
4.00706e-11
4.00308e-11
3.99875e-11
3.99458e-11
3.99091e-11
3.98761e-11
3.98419e-11
3.98028e-11
3.97599e-11
3.97182e-11
3.96814e-11
3.96486e-11
3.96149e-11
3.95765e-11
3.9534e-11
3.94923e-11
3.94554e-11
3.94228e-11
3.93896e-11
3.93518e-11
3.93098e-11
3.92682e-11
3.92313e-11
3.91987e-11
3.9166e-11
3.91289e-11
3.90874e-11
3.90459e-11
3.90088e-11
3.89764e-11
3.89442e-11
3.89077e-11
3.88667e-11
3.88253e-11
3.87882e-11
3.87558e-11
3.8724e-11
3.86882e-11
3.86476e-11
3.86064e-11
3.85692e-11
3.85369e-11
3.85055e-11
3.84703e-11
3.84303e-11
3.83893e-11
3.8352e-11
3.83197e-11
3.82887e-11
3.82542e-11
3.82147e-11
3.81739e-11
3.81366e-11
3.81043e-11
3.80736e-11
3.80397e-11
3.80008e-11
3.79602e-11
3.79228e-11
3.78905e-11
3.78602e-11
3.78269e-11
3.77886e-11
3.77482e-11
3.77108e-11
3.76785e-11
3.76485e-11
3.76158e-11
3.75781e-11
3.7538e-11
3.75006e-11
3.74682e-11
3.74385e-11
3.74064e-11
3.73692e-11
3.73294e-11
3.7292e-11
3.72596e-11
3.72302e-11
3.71986e-11
3.71621e-11
3.71226e-11
3.70852e-11
3.70528e-11
3.70235e-11
3.69925e-11
3.69566e-11
3.69174e-11
3.688e-11
3.68476e-11
3.68186e-11
3.67881e-11
3.67528e-11
3.6714e-11
3.66766e-11
3.66441e-11
3.66153e-11
3.65853e-11
3.65506e-11
3.65122e-11
3.64749e-11
3.64424e-11
3.64137e-11
3.63842e-11
3.63501e-11
3.63121e-11
3.62749e-11
3.62423e-11
3.62138e-11
3.61848e-11
3.61513e-11
3.61137e-11
3.60765e-11
3.60439e-11
3.60155e-11
3.5987e-11
3.59541e-11
3.5917e-11
3.58799e-11
3.58472e-11
3.58189e-11
3.57908e-11
3.57586e-11
3.57219e-11
3.5685e-11
3.56522e-11
3.5624e-11
3.55963e-11
3.55647e-11
3.55285e-11
3.54917e-11
3.54589e-11
3.54308e-11
3.54035e-11
3.53724e-11
3.53367e-11
3.53001e-11
3.52672e-11
3.52392e-11
3.52123e-11
3.51818e-11
3.51466e-11
3.51102e-11
3.50773e-11
3.50492e-11
3.50227e-11
3.49928e-11
3.49581e-11
3.49219e-11
3.4889e-11
3.4861e-11
3.48347e-11
3.48054e-11
3.47713e-11
3.47353e-11
3.47024e-11
3.46744e-11
3.46484e-11
3.46197e-11
3.45861e-11
3.45503e-11
3.45174e-11
3.44894e-11
3.44638e-11
3.44355e-11
3.44025e-11
3.4367e-11
3.43341e-11
3.43061e-11
3.42807e-11
3.4253e-11
3.42205e-11
3.41853e-11
3.41524e-11
3.41244e-11
3.40993e-11
3.40721e-11
3.40402e-11
3.40053e-11
3.39724e-11
3.39444e-11
3.39195e-11
3.38928e-11
3.38614e-11
3.38269e-11
3.3794e-11
3.3766e-11
3.37413e-11
3.37151e-11
3.36843e-11
3.36501e-11
3.36173e-11
3.35892e-11
3.35647e-11
3.3539e-11
3.35087e-11
3.34749e-11
3.34422e-11
3.34141e-11
3.33897e-11
3.33645e-11
3.33348e-11
3.33013e-11
3.32687e-11
3.32405e-11
3.32163e-11
3.31916e-11
3.31624e-11
3.31294e-11
3.30968e-11
3.30686e-11
3.30445e-11
3.30202e-11
3.29916e-11
3.2959e-11
3.29265e-11
3.28983e-11
3.28743e-11
3.28504e-11
3.28224e-11
3.27902e-11
3.27578e-11
3.27296e-11
3.27057e-11
3.26822e-11
3.26548e-11
3.2623e-11
3.25908e-11
3.25625e-11
3.25387e-11
3.25156e-11
3.24887e-11
3.24573e-11
3.24253e-11
3.2397e-11
3.23733e-11
3.23505e-11
3.23241e-11
3.22933e-11
3.22614e-11
3.22331e-11
3.22094e-11
3.2187e-11
3.21612e-11
3.21307e-11
3.2099e-11
3.20707e-11
3.20471e-11
3.2025e-11
3.19997e-11
3.19698e-11
3.19383e-11
3.19099e-11
3.18864e-11
3.18646e-11
3.18398e-11
3.18103e-11
3.17791e-11
3.17507e-11
3.17272e-11
3.17057e-11
3.16814e-11
3.16524e-11
3.16214e-11
3.15931e-11
3.15696e-11
3.15483e-11
3.15245e-11
3.14961e-11
3.14653e-11
3.1437e-11
3.14135e-11
3.13924e-11
3.13692e-11
3.13412e-11
3.13107e-11
3.12824e-11
3.12589e-11
3.12381e-11
3.12153e-11
3.11879e-11
3.11577e-11
3.11294e-11
3.11059e-11
3.10853e-11
3.1063e-11
3.1036e-11
3.10061e-11
3.09779e-11
3.09544e-11
3.0934e-11
3.09121e-11
3.08857e-11
3.08561e-11
3.08279e-11
3.08044e-11
3.07842e-11
3.07628e-11
3.07369e-11
3.07076e-11
3.06795e-11
3.06559e-11
3.06359e-11
3.06149e-11
3.05895e-11
3.05605e-11
3.05325e-11
3.05089e-11
3.0489e-11
3.04685e-11
3.04436e-11
3.0415e-11
3.0387e-11
3.03634e-11
3.03437e-11
3.03235e-11
3.02991e-11
3.02709e-11
3.0243e-11
3.02194e-11
3.01998e-11
3.018e-11
3.01561e-11
3.01283e-11
3.01005e-11
3.00769e-11
3.00573e-11
3.00379e-11
3.00146e-11
2.99871e-11
2.99595e-11
2.99358e-11
2.99164e-11
2.98973e-11
2.98744e-11
2.98474e-11
2.98199e-11
2.97962e-11
2.97768e-11
2.97581e-11
2.97357e-11
2.97091e-11
2.96817e-11
2.9658e-11
2.96387e-11
2.96203e-11
2.95984e-11
2.95722e-11
2.9545e-11
2.95213e-11
2.95021e-11
2.9484e-11
2.94626e-11
2.94367e-11
2.94097e-11
2.9386e-11
2.93668e-11
2.9349e-11
2.93281e-11
2.93027e-11
2.92758e-11
2.92521e-11
2.9233e-11
2.92154e-11
2.9195e-11
2.917e-11
2.91434e-11
2.91196e-11
2.91005e-11
2.90833e-11
2.90633e-11
2.90387e-11
2.90123e-11
2.89886e-11
2.89695e-11
2.89525e-11
2.89329e-11
2.89088e-11
2.88826e-11
2.88589e-11
2.88398e-11
2.8823e-11
2.88039e-11
2.87803e-11
2.87543e-11
2.87306e-11
2.87115e-11
2.86949e-11
2.86763e-11
2.86531e-11
2.86274e-11
2.86037e-11
2.85846e-11
2.85682e-11
2.855e-11
2.85272e-11
2.85018e-11
2.84781e-11
2.8459e-11
2.84428e-11
2.8425e-11
2.84027e-11
2.83775e-11
2.83539e-11
2.83348e-11
2.83188e-11
2.83013e-11
2.82795e-11
2.82546e-11
2.8231e-11
2.82119e-11
2.8196e-11
2.8179e-11
2.81576e-11
2.81329e-11
2.81094e-11
2.80903e-11
2.80746e-11
2.80579e-11
2.8037e-11
2.80126e-11
2.79892e-11
2.797e-11
2.79544e-11
2.79382e-11
2.79177e-11
2.78936e-11
2.78702e-11
2.78511e-11
2.78356e-11
2.78197e-11
2.77996e-11
2.77759e-11
2.77526e-11
2.77334e-11
2.7718e-11
2.77024e-11
2.76828e-11
2.76594e-11
2.76362e-11
2.7617e-11
2.76017e-11
2.75864e-11
2.75673e-11
2.75442e-11
2.75211e-11
2.75019e-11
2.74867e-11
2.74717e-11
2.7453e-11
2.74303e-11
2.74073e-11
2.7388e-11
2.73729e-11
2.73582e-11
2.73399e-11
2.73175e-11
2.72947e-11
2.72754e-11
2.72603e-11
2.72459e-11
2.72281e-11
2.72061e-11
2.71833e-11
2.7164e-11
2.7149e-11
2.71349e-11
2.71174e-11
2.70958e-11
2.70731e-11
2.70538e-11
2.70388e-11
2.7025e-11
2.7008e-11
2.69867e-11
2.69642e-11
2.69449e-11
2.69299e-11
2.69163e-11
2.68997e-11
2.68788e-11
2.68564e-11
2.68371e-11
2.68222e-11
2.68088e-11
2.67926e-11
2.6772e-11
2.67499e-11
2.67305e-11
2.67156e-11
2.67025e-11
2.66867e-11
2.66665e-11
2.66445e-11
2.66251e-11
2.66102e-11
2.65973e-11
2.65819e-11
2.65621e-11
2.65402e-11
2.65209e-11
2.6506e-11
2.64932e-11
2.64782e-11
2.64588e-11
2.64372e-11
2.64178e-11
2.64029e-11
2.63903e-11
2.63757e-11
2.63566e-11
2.63352e-11
2.63158e-11
2.63009e-11
2.62885e-11
2.62742e-11
2.62556e-11
2.62344e-11
2.6215e-11
2.62001e-11
2.61878e-11
2.61739e-11
2.61556e-11
2.61346e-11
2.61153e-11
2.61004e-11
2.60883e-11
2.60747e-11
2.60568e-11
2.6036e-11
2.60167e-11
2.60017e-11
2.59897e-11
2.59765e-11
2.5959e-11
2.59384e-11
2.59191e-11
2.59042e-11
2.58923e-11
2.58794e-11
2.58622e-11
2.58419e-11
2.58227e-11
2.58077e-11
2.57959e-11
2.57833e-11
2.57666e-11
2.57465e-11
2.57273e-11
2.57122e-11
2.57006e-11
2.56883e-11
2.56719e-11
2.56521e-11
2.56329e-11
2.56179e-11
2.56063e-11
2.55943e-11
2.55783e-11
2.55587e-11
2.55396e-11
2.55245e-11
2.5513e-11
2.55013e-11
2.54857e-11
2.54664e-11
2.54474e-11
2.54322e-11
2.54208e-11
2.54093e-11
2.53941e-11
2.53751e-11
2.53561e-11
2.53409e-11
2.53295e-11
2.53183e-11
2.53034e-11
2.52847e-11
2.52658e-11
2.52506e-11
2.52393e-11
2.52283e-11
2.52138e-11
2.51953e-11
2.51765e-11
2.51612e-11
2.515e-11
2.51392e-11
2.51251e-11
2.51069e-11
2.50882e-11
2.50729e-11
2.50616e-11
2.50511e-11
2.50373e-11
2.50195e-11
2.50008e-11
2.49855e-11
2.49743e-11
2.4964e-11
2.49505e-11
2.49329e-11
2.49144e-11
2.4899e-11
2.48878e-11
2.48777e-11
2.48646e-11
2.48473e-11
2.48289e-11
2.48135e-11
2.48023e-11
2.47924e-11
2.47796e-11
2.47626e-11
2.47443e-11
2.47289e-11
2.47177e-11
2.4708e-11
2.46955e-11
2.46789e-11
2.46607e-11
2.46452e-11
2.4634e-11
2.46245e-11
2.46123e-11
2.4596e-11
2.45779e-11
2.45624e-11
2.45512e-11
2.45418e-11
2.453e-11
2.45139e-11
2.4496e-11
2.44805e-11
2.44693e-11
2.446e-11
2.44485e-11
2.44328e-11
2.4415e-11
2.43994e-11
2.43882e-11
2.43791e-11
2.43679e-11
2.43525e-11
2.43348e-11
2.43192e-11
2.4308e-11
2.4299e-11
2.42881e-11
2.4273e-11
2.42555e-11
2.42399e-11
2.42286e-11
2.42198e-11
2.42092e-11
2.41943e-11
2.4177e-11
2.41614e-11
2.41501e-11
2.41413e-11
2.4131e-11
2.41165e-11
2.40993e-11
2.40837e-11
2.40723e-11
2.40637e-11
2.40536e-11
2.40394e-11
2.40224e-11
2.40068e-11
2.39954e-11
2.39868e-11
2.39771e-11
2.39632e-11
2.39464e-11
2.39307e-11
2.39193e-11
2.39108e-11
2.39013e-11
2.38877e-11
2.3871e-11
2.38554e-11
2.38439e-11
2.38355e-11
2.38262e-11
2.38129e-11
2.37965e-11
2.37809e-11
2.37693e-11
2.3761e-11
2.37519e-11
2.3739e-11
2.37227e-11
2.37071e-11
2.36955e-11
2.36872e-11
2.36784e-11
2.36657e-11
2.36497e-11
2.36341e-11
2.36224e-11
2.36142e-11
2.36056e-11
2.35932e-11
2.35773e-11
2.35618e-11
2.35501e-11
2.35418e-11
2.35335e-11
2.35214e-11
2.35057e-11
2.34902e-11
2.34784e-11
2.34702e-11
2.34621e-11
2.34503e-11
2.34348e-11
2.34194e-11
2.34075e-11
2.33993e-11
2.33914e-11
2.33798e-11
2.33646e-11
2.33492e-11
2.33373e-11
2.33291e-11
2.33213e-11
2.33101e-11
2.32951e-11
2.32797e-11
2.32677e-11
2.32596e-11
2.3252e-11
2.3241e-11
2.32262e-11
2.32109e-11
2.31989e-11
2.31907e-11
2.31833e-11
2.31726e-11
2.3158e-11
2.31428e-11
2.31306e-11
2.31225e-11
2.31152e-11
2.31048e-11
2.30905e-11
2.30753e-11
2.30631e-11
2.30549e-11
2.30478e-11
2.30377e-11
2.30236e-11
2.30084e-11
2.29962e-11
2.2988e-11
2.2981e-11
2.29711e-11
2.29573e-11
2.29422e-11
2.29299e-11
2.29217e-11
2.29148e-11
2.29052e-11
2.28916e-11
2.28765e-11
2.28642e-11
2.2856e-11
2.28492e-11
2.28399e-11
2.28265e-11
2.28115e-11
2.27991e-11
2.27909e-11
2.27842e-11
2.27751e-11
2.2762e-11
2.27471e-11
2.27347e-11
2.27263e-11
2.27198e-11
2.2711e-11
2.2698e-11
2.26833e-11
2.26708e-11
2.26624e-11
2.2656e-11
2.26474e-11
2.26347e-11
2.262e-11
2.26074e-11
2.2599e-11
2.25927e-11
2.25843e-11
2.25719e-11
2.25573e-11
2.25447e-11
2.25362e-11
2.253e-11
2.25218e-11
2.25096e-11
2.24951e-11
2.24825e-11
2.2474e-11
2.24678e-11
2.24599e-11
2.24479e-11
2.24335e-11
2.24208e-11
2.24122e-11
2.24061e-11
2.23984e-11
2.23866e-11
2.23724e-11
2.23597e-11
2.2351e-11
2.2345e-11
2.23375e-11
2.23259e-11
2.23118e-11
2.22991e-11
2.22904e-11
2.22843e-11
2.2277e-11
2.22658e-11
2.22517e-11
2.2239e-11
2.22302e-11
2.22242e-11
2.22171e-11
2.2206e-11
2.21922e-11
2.21794e-11
2.21705e-11
2.21646e-11
2.21576e-11
2.21468e-11
2.21331e-11
2.21202e-11
2.21113e-11
2.21054e-11
2.20987e-11
2.20881e-11
2.20745e-11
2.20616e-11
2.20526e-11
2.20467e-11
2.20402e-11
2.20298e-11
2.20163e-11
2.20034e-11
2.19944e-11
2.19885e-11
2.19821e-11
2.1972e-11
2.19586e-11
2.19457e-11
2.19366e-11
2.19307e-11
2.19245e-11
2.19146e-11
2.19014e-11
2.18885e-11
2.18792e-11
2.18734e-11
2.18673e-11
2.18576e-11
2.18445e-11
2.18317e-11
2.18223e-11
2.18165e-11
2.18105e-11
2.18011e-11
2.17882e-11
2.17753e-11
2.17659e-11
2.176e-11
2.17542e-11
2.1745e-11
2.17322e-11
2.17193e-11
2.17098e-11
2.1704e-11
2.16983e-11
2.16893e-11
2.16766e-11
2.16638e-11
2.16542e-11
2.16483e-11
2.16428e-11
2.1634e-11
2.16215e-11
2.16086e-11
2.1599e-11
2.15931e-11
2.15876e-11
2.1579e-11
2.15667e-11
2.15539e-11
2.15442e-11
2.15382e-11
2.15329e-11
2.15245e-11
2.15124e-11
2.14995e-11
2.14897e-11
2.14837e-11
2.14785e-11
2.14703e-11
2.14584e-11
2.14455e-11
2.14357e-11
2.14296e-11
2.14245e-11
2.14165e-11
2.14047e-11
2.13919e-11
2.1382e-11
2.13759e-11
2.13709e-11
2.13631e-11
2.13514e-11
2.13387e-11
2.13286e-11
2.13225e-11
2.13176e-11
2.131e-11
2.12985e-11
2.12858e-11
2.12757e-11
2.12695e-11
2.12646e-11
2.12572e-11
2.12459e-11
2.12332e-11
2.1223e-11
2.12168e-11
2.1212e-11
2.12048e-11
2.11937e-11
2.1181e-11
2.11708e-11
2.11645e-11
2.11597e-11
2.11527e-11
2.11417e-11
2.11291e-11
2.11188e-11
2.11124e-11
2.11078e-11
2.11009e-11
2.10901e-11
2.10776e-11
2.10672e-11
2.10607e-11
2.10561e-11
2.10495e-11
2.10388e-11
2.10263e-11
2.10159e-11
2.10094e-11
2.10048e-11
2.09983e-11
2.09879e-11
2.09754e-11
2.09649e-11
2.09583e-11
2.09538e-11
2.09474e-11
2.09372e-11
2.09248e-11
2.09142e-11
2.09075e-11
2.0903e-11
2.08969e-11
2.08868e-11
2.08744e-11
2.08638e-11
2.0857e-11
2.08526e-11
2.08466e-11
2.08366e-11
2.08244e-11
2.08137e-11
2.08068e-11
2.08024e-11
2.07965e-11
2.07868e-11
2.07746e-11
2.07638e-11
2.07569e-11
2.07525e-11
2.07468e-11
2.07372e-11
2.07251e-11
2.07143e-11
2.07073e-11
2.07029e-11
2.06973e-11
2.06879e-11
2.06759e-11
2.0665e-11
2.06579e-11
2.06536e-11
2.06481e-11
2.06389e-11
2.06269e-11
2.0616e-11
2.06088e-11
2.06044e-11
2.05991e-11
2.05901e-11
2.05782e-11
2.05672e-11
2.056e-11
2.05556e-11
2.05504e-11
2.05415e-11
2.05297e-11
2.05187e-11
2.05114e-11
2.0507e-11
2.05019e-11
2.04932e-11
2.04815e-11
2.04704e-11
2.0463e-11
2.04586e-11
2.04537e-11
2.04451e-11
2.04335e-11
2.04224e-11
2.04149e-11
2.04105e-11
2.04056e-11
2.03972e-11
2.03857e-11
2.03746e-11
2.0367e-11
2.03626e-11
2.03578e-11
2.03496e-11
2.03382e-11
2.0327e-11
2.03194e-11
2.03149e-11
2.03103e-11
2.03022e-11
2.02909e-11
2.02797e-11
2.02719e-11
2.02674e-11
2.02629e-11
2.0255e-11
2.02438e-11
2.02326e-11
2.02247e-11
2.02202e-11
2.02157e-11
2.0208e-11
2.01969e-11
2.01857e-11
2.01777e-11
2.01732e-11
2.01688e-11
2.01612e-11
2.01502e-11
2.0139e-11
2.01309e-11
2.01263e-11
2.01221e-11
2.01146e-11
2.01037e-11
2.00925e-11
2.00843e-11
2.00797e-11
2.00755e-11
2.00682e-11
2.00574e-11
2.00462e-11
2.00379e-11
2.00333e-11
2.00291e-11
2.0022e-11
2.00113e-11
2.00001e-11
1.99917e-11
1.9987e-11
1.9983e-11
1.9976e-11
1.99654e-11
1.99541e-11
1.99457e-11
1.9941e-11
1.9937e-11
1.99301e-11
1.99197e-11
1.99084e-11
1.98999e-11
1.98951e-11
1.98911e-11
1.98845e-11
1.98741e-11
1.98629e-11
1.98543e-11
1.98494e-11
1.98455e-11
1.9839e-11
1.98288e-11
1.98175e-11
1.98088e-11
1.98039e-11
1.98e-11
1.97937e-11
1.97836e-11
1.97723e-11
1.97635e-11
1.97585e-11
1.97547e-11
1.97485e-11
1.97385e-11
1.97272e-11
1.97184e-11
1.97133e-11
1.97096e-11
1.97035e-11
1.96936e-11
1.96824e-11
1.96735e-11
1.96683e-11
1.96646e-11
1.96586e-11
1.96489e-11
1.96377e-11
1.96287e-11
1.96235e-11
1.96198e-11
1.9614e-11
1.96043e-11
1.95931e-11
1.95841e-11
1.95788e-11
1.95751e-11
1.95694e-11
1.95599e-11
1.95487e-11
1.95396e-11
1.95342e-11
1.95306e-11
1.9525e-11
1.95157e-11
1.95045e-11
1.94953e-11
1.94898e-11
1.94862e-11
1.94808e-11
1.94715e-11
1.94604e-11
1.94511e-11
1.94456e-11
1.9442e-11
1.94367e-11
1.94276e-11
1.94165e-11
1.94071e-11
1.94015e-11
1.93979e-11
1.93927e-11
1.93837e-11
1.93727e-11
1.93632e-11
1.93575e-11
1.9354e-11
1.93489e-11
1.934e-11
1.9329e-11
1.93195e-11
1.93137e-11
1.93102e-11
1.93052e-11
1.92965e-11
1.92855e-11
1.92759e-11
1.92701e-11
1.92665e-11
1.92616e-11
1.9253e-11
1.92421e-11
1.92325e-11
1.92265e-11
1.9223e-11
1.92182e-11
1.92097e-11
1.91988e-11
1.91891e-11
1.91831e-11
1.91796e-11
1.91749e-11
1.91665e-11
1.91557e-11
1.9146e-11
1.91399e-11
1.91363e-11
1.91317e-11
1.91235e-11
1.91127e-11
1.91029e-11
1.90967e-11
1.90932e-11
1.90886e-11
1.90806e-11
1.90698e-11
1.906e-11
1.90537e-11
1.90501e-11
1.90457e-11
1.90378e-11
1.90271e-11
1.90172e-11
1.90108e-11
1.90072e-11
1.90029e-11
1.89951e-11
1.89844e-11
1.89745e-11
1.8968e-11
1.89644e-11
1.89602e-11
1.89525e-11
1.89419e-11
1.89319e-11
1.89254e-11
1.89218e-11
1.89176e-11
1.891e-11
1.88995e-11
1.88895e-11
1.88829e-11
1.88792e-11
1.88751e-11
1.88677e-11
1.88573e-11
1.88472e-11
1.88405e-11
1.88368e-11
1.88328e-11
1.88255e-11
1.88151e-11
1.8805e-11
1.87982e-11
1.87945e-11
1.87905e-11
1.87833e-11
1.8773e-11
1.87629e-11
1.8756e-11
1.87523e-11
1.87484e-11
1.87413e-11
1.87311e-11
1.87209e-11
1.8714e-11
1.87102e-11
1.87064e-11
1.86994e-11
1.86893e-11
1.86791e-11
1.8672e-11
1.86682e-11
1.86645e-11
1.86576e-11
1.86476e-11
1.86373e-11
1.86302e-11
1.86263e-11
1.86227e-11
1.86159e-11
1.86059e-11
1.85957e-11
1.85885e-11
1.85846e-11
1.85809e-11
1.85744e-11
1.85644e-11
1.85542e-11
1.85469e-11
1.85429e-11
1.85394e-11
1.85329e-11
1.8523e-11
1.85128e-11
1.85054e-11
1.85014e-11
1.84979e-11
1.84915e-11
1.84817e-11
1.84714e-11
1.8464e-11
1.84599e-11
1.84565e-11
1.84502e-11
1.84406e-11
1.84302e-11
1.84227e-11
1.84186e-11
1.84152e-11
1.8409e-11
1.83995e-11
1.83891e-11
1.83815e-11
1.83774e-11
1.8374e-11
1.8368e-11
1.83585e-11
1.83482e-11
1.83405e-11
1.83362e-11
1.83329e-11
1.8327e-11
1.83176e-11
1.83073e-11
1.82995e-11
1.82952e-11
1.82919e-11
1.82861e-11
1.82768e-11
1.82665e-11
1.82586e-11
1.82543e-11
1.82511e-11
1.82454e-11
1.82361e-11
1.82258e-11
1.82179e-11
1.82135e-11
1.82103e-11
1.82047e-11
1.81956e-11
1.81852e-11
1.81772e-11
1.81728e-11
1.81696e-11
1.81641e-11
1.81551e-11
1.81448e-11
1.81367e-11
1.81322e-11
1.8129e-11
1.81237e-11
1.81147e-11
1.81044e-11
1.80963e-11
1.80917e-11
1.80885e-11
1.80833e-11
1.80744e-11
1.80641e-11
1.80559e-11
1.80513e-11
1.80482e-11
1.8043e-11
1.80343e-11
1.8024e-11
1.80157e-11
1.8011e-11
1.80079e-11
1.80028e-11
1.79942e-11
1.79839e-11
1.79756e-11
1.79708e-11
1.79677e-11
1.79628e-11
1.79542e-11
1.79439e-11
1.79355e-11
1.79307e-11
1.79277e-11
1.79228e-11
1.79143e-11
1.79041e-11
1.78956e-11
1.78907e-11
1.78877e-11
1.78829e-11
1.78745e-11
1.78643e-11
1.78558e-11
1.78509e-11
1.78478e-11
1.78431e-11
1.78349e-11
1.78247e-11
1.78161e-11
1.78111e-11
1.7808e-11
1.78034e-11
1.77953e-11
1.77851e-11
1.77765e-11
1.77714e-11
1.77684e-11
1.77639e-11
1.77558e-11
1.77457e-11
1.7737e-11
1.77318e-11
1.77288e-11
1.77244e-11
1.77164e-11
1.77063e-11
1.76976e-11
1.76924e-11
1.76893e-11
1.7685e-11
1.76772e-11
1.76671e-11
1.76583e-11
1.7653e-11
1.765e-11
1.76457e-11
1.7638e-11
1.7628e-11
1.76191e-11
1.76138e-11
1.76107e-11
1.76065e-11
1.75989e-11
1.75889e-11
1.758e-11
1.75746e-11
1.75716e-11
1.75675e-11
1.75599e-11
1.755e-11
1.75411e-11
1.75356e-11
1.75325e-11
1.75285e-11
1.75211e-11
1.75112e-11
1.75022e-11
1.74966e-11
1.74936e-11
1.74896e-11
1.74823e-11
1.74725e-11
1.74634e-11
1.74578e-11
1.74547e-11
1.74509e-11
1.74436e-11
1.74338e-11
1.74248e-11
1.74191e-11
1.7416e-11
1.74122e-11
1.74051e-11
1.73953e-11
1.73862e-11
1.73805e-11
1.73774e-11
1.73737e-11
1.73666e-11
1.73569e-11
1.73478e-11
1.7342e-11
1.73389e-11
1.73352e-11
1.73283e-11
1.73186e-11
1.73095e-11
1.73036e-11
1.73004e-11
1.72969e-11
1.72901e-11
1.72805e-11
1.72713e-11
1.72653e-11
1.72621e-11
1.72586e-11
1.72519e-11
1.72424e-11
1.72332e-11
1.72271e-11
1.7224e-11
1.72205e-11
1.72139e-11
1.72044e-11
1.71952e-11
1.71891e-11
1.71859e-11
1.71825e-11
1.7176e-11
1.71666e-11
1.71573e-11
1.71511e-11
1.71479e-11
1.71446e-11
1.71382e-11
1.71288e-11
1.71195e-11
1.71133e-11
1.711e-11
1.71068e-11
1.71005e-11
1.70912e-11
1.70819e-11
1.70756e-11
1.70723e-11
1.70691e-11
1.70629e-11
1.70537e-11
1.70443e-11
1.7038e-11
1.70347e-11
1.70315e-11
1.70254e-11
1.70162e-11
1.70069e-11
1.70005e-11
1.69972e-11
1.6994e-11
1.69881e-11
1.6979e-11
1.69696e-11
1.69631e-11
1.69598e-11
1.69567e-11
1.69508e-11
1.69418e-11
1.69324e-11
1.69259e-11
1.69225e-11
1.69195e-11
1.69137e-11
1.69047e-11
1.68953e-11
1.68887e-11
1.68853e-11
1.68824e-11
1.68767e-11
1.68678e-11
1.68584e-11
1.68517e-11
1.68483e-11
1.68454e-11
1.68398e-11
1.68309e-11
1.68216e-11
1.68148e-11
1.68113e-11
1.68085e-11
1.6803e-11
1.67942e-11
1.67848e-11
1.67781e-11
1.67745e-11
1.67717e-11
1.67663e-11
1.67576e-11
1.67483e-11
1.67414e-11
1.67379e-11
1.67351e-11
1.67298e-11
1.67212e-11
1.67118e-11
1.67049e-11
1.67013e-11
1.66985e-11
1.66933e-11
1.66848e-11
1.66754e-11
1.66685e-11
1.66649e-11
1.66621e-11
1.6657e-11
1.66486e-11
1.66392e-11
1.66322e-11
1.66286e-11
1.66259e-11
1.66208e-11
1.66125e-11
1.66031e-11
1.65961e-11
1.65924e-11
1.65897e-11
1.65848e-11
1.65765e-11
1.65672e-11
1.65601e-11
1.65563e-11
1.65537e-11
1.65488e-11
1.65407e-11
1.65313e-11
1.65242e-11
1.65204e-11
1.65178e-11
1.6513e-11
1.65049e-11
1.64956e-11
1.64884e-11
1.64846e-11
1.6482e-11
1.64773e-11
1.64693e-11
1.646e-11
1.64528e-11
1.64489e-11
1.64464e-11
1.64418e-11
1.64338e-11
1.64246e-11
1.64173e-11
1.64134e-11
1.64108e-11
1.64064e-11
1.63985e-11
1.63892e-11
1.63819e-11
1.63779e-11
1.63755e-11
1.63711e-11
1.63633e-11
1.6354e-11
1.63467e-11
1.63427e-11
1.63402e-11
1.63359e-11
1.63282e-11
1.6319e-11
1.63116e-11
1.63075e-11
1.63051e-11
1.63009e-11
1.62933e-11
1.6284e-11
1.62766e-11
1.62725e-11
1.62701e-11
1.62659e-11
1.62584e-11
1.62492e-11
1.62418e-11
1.62376e-11
1.62352e-11
1.62312e-11
1.62237e-11
1.62146e-11
1.62071e-11
1.62029e-11
1.62005e-11
1.61965e-11
1.61892e-11
1.61801e-11
1.61725e-11
1.61683e-11
1.61659e-11
1.6162e-11
1.61548e-11
1.61457e-11
1.61381e-11
1.61338e-11
1.61315e-11
1.61277e-11
1.61205e-11
1.61114e-11
1.61038e-11
1.60995e-11
1.60972e-11
1.60934e-11
1.60864e-11
1.60773e-11
1.60697e-11
1.60653e-11
1.6063e-11
1.60593e-11
1.60524e-11
1.60434e-11
1.60357e-11
1.60313e-11
1.6029e-11
1.60254e-11
1.60185e-11
1.60095e-11
1.60018e-11
1.59974e-11
1.59951e-11
1.59916e-11
1.59848e-11
1.59758e-11
1.59681e-11
1.59636e-11
1.59613e-11
1.59579e-11
1.59512e-11
1.59423e-11
1.59345e-11
1.593e-11
1.59277e-11
1.59244e-11
1.59177e-11
1.59089e-11
1.59011e-11
1.58965e-11
1.58942e-11
1.5891e-11
1.58844e-11
1.58756e-11
1.58678e-11
1.58632e-11
1.58609e-11
1.58577e-11
1.58513e-11
1.58425e-11
1.58347e-11
1.583e-11
1.58278e-11
1.58246e-11
1.58183e-11
1.58096e-11
1.58017e-11
1.5797e-11
1.57947e-11
1.57916e-11
1.57854e-11
1.57767e-11
1.57688e-11
1.57641e-11
1.57618e-11
1.57588e-11
1.57527e-11
1.57441e-11
1.57361e-11
1.57314e-11
1.57291e-11
1.57262e-11
1.57201e-11
1.57115e-11
1.57036e-11
1.56988e-11
1.56965e-11
1.56936e-11
1.56877e-11
1.56791e-11
1.56712e-11
1.56664e-11
1.56641e-11
1.56613e-11
1.56554e-11
1.56469e-11
1.5639e-11
1.56341e-11
1.56318e-11
1.5629e-11
1.56232e-11
1.56148e-11
1.56069e-11
1.56019e-11
1.55997e-11
1.5597e-11
1.55913e-11
1.55829e-11
1.55749e-11
1.557e-11
1.55677e-11
1.5565e-11
1.55594e-11
1.55511e-11
1.55431e-11
1.55381e-11
1.55358e-11
1.55333e-11
1.55277e-11
1.55195e-11
1.55115e-11
1.55065e-11
1.55042e-11
1.55016e-11
1.54962e-11
1.5488e-11
1.548e-11
1.54749e-11
1.54726e-11
1.54702e-11
1.54648e-11
1.54567e-11
1.54487e-11
1.54436e-11
1.54412e-11
1.54388e-11
1.54336e-11
1.54255e-11
1.54175e-11
1.54124e-11
1.541e-11
1.54077e-11
1.54025e-11
1.53945e-11
1.53865e-11
1.53813e-11
1.5379e-11
1.53767e-11
1.53716e-11
1.53636e-11
1.53556e-11
1.53504e-11
1.5348e-11
1.53458e-11
1.53408e-11
1.53329e-11
1.53249e-11
1.53197e-11
1.53173e-11
1.53151e-11
1.53102e-11
1.53024e-11
1.52944e-11
1.52891e-11
1.52867e-11
1.52846e-11
1.52797e-11
1.5272e-11
1.5264e-11
1.52586e-11
1.52563e-11
1.52542e-11
1.52494e-11
1.52417e-11
1.52337e-11
1.52284e-11
1.5226e-11
1.52239e-11
1.52193e-11
1.52117e-11
1.52037e-11
1.51983e-11
1.51958e-11
1.51938e-11
1.51893e-11
1.51817e-11
1.51737e-11
1.51683e-11
1.51659e-11
1.51639e-11
1.51594e-11
1.5152e-11
1.5144e-11
1.51385e-11
1.51361e-11
1.51342e-11
1.51298e-11
1.51223e-11
1.51144e-11
1.51089e-11
1.51064e-11
1.51046e-11
1.51002e-11
1.50929e-11
1.50849e-11
1.50794e-11
1.50769e-11
1.50751e-11
1.50709e-11
1.50636e-11
1.50556e-11
1.50501e-11
1.50476e-11
1.50458e-11
1.50417e-11
1.50345e-11
1.50265e-11
1.50209e-11
1.50184e-11
1.50167e-11
1.50126e-11
1.50055e-11
1.49975e-11
1.49919e-11
1.49894e-11
1.49877e-11
1.49837e-11
1.49767e-11
1.49687e-11
1.49631e-11
1.49605e-11
1.49589e-11
1.4955e-11
1.4948e-11
1.49401e-11
1.49344e-11
1.49319e-11
1.49302e-11
1.49264e-11
1.49195e-11
1.49116e-11
1.49059e-11
1.49033e-11
1.49017e-11
1.4898e-11
1.48911e-11
1.48833e-11
1.48775e-11
1.48749e-11
1.48734e-11
1.48697e-11
1.4863e-11
1.48551e-11
1.48493e-11
1.48467e-11
1.48452e-11
1.48416e-11
1.48349e-11
1.48271e-11
1.48213e-11
1.48187e-11
1.48172e-11
1.48137e-11
1.48071e-11
1.47993e-11
1.47934e-11
1.47908e-11
1.47893e-11
1.47859e-11
1.47794e-11
1.47716e-11
1.47657e-11
1.47631e-11
1.47616e-11
1.47583e-11
1.47518e-11
1.47441e-11
1.47382e-11
1.47355e-11
1.47341e-11
1.47308e-11
1.47244e-11
1.47167e-11
1.47108e-11
1.47081e-11
1.47067e-11
1.47035e-11
1.46972e-11
1.46895e-11
1.46836e-11
1.46808e-11
1.46795e-11
1.46764e-11
1.46701e-11
1.46624e-11
1.46565e-11
1.46538e-11
1.46524e-11
1.46494e-11
1.46432e-11
1.46356e-11
1.46296e-11
1.46268e-11
1.46255e-11
1.46226e-11
1.46165e-11
1.46088e-11
1.46029e-11
1.46001e-11
1.45988e-11
1.45959e-11
1.45899e-11
1.45823e-11
1.45763e-11
1.45735e-11
1.45722e-11
1.45694e-11
1.45634e-11
1.45559e-11
1.45499e-11
1.4547e-11
1.45458e-11
1.45431e-11
1.45372e-11
1.45296e-11
1.45236e-11
1.45207e-11
1.45195e-11
1.45169e-11
1.4511e-11
1.45035e-11
1.44975e-11
1.44946e-11
1.44934e-11
1.44908e-11
1.44851e-11
1.44776e-11
1.44716e-11
1.44686e-11
1.44675e-11
1.44649e-11
1.44593e-11
1.44518e-11
1.44458e-11
1.44428e-11
1.44417e-11
1.44392e-11
1.44336e-11
1.44262e-11
1.44201e-11
1.44172e-11
1.44161e-11
1.44137e-11
1.44081e-11
1.44008e-11
1.43947e-11
1.43917e-11
1.43906e-11
1.43883e-11
1.43828e-11
1.43755e-11
1.43694e-11
1.43664e-11
1.43653e-11
1.4363e-11
1.43576e-11
1.43503e-11
1.43442e-11
1.43412e-11
1.43401e-11
1.43379e-11
1.43326e-11
1.43254e-11
1.43192e-11
1.43162e-11
1.43151e-11
1.4313e-11
1.43078e-11
1.43005e-11
1.42944e-11
1.42913e-11
1.42903e-11
1.42882e-11
1.4283e-11
1.42759e-11
1.42697e-11
1.42666e-11
1.42656e-11
1.42636e-11
1.42585e-11
1.42514e-11
1.42452e-11
1.42421e-11
1.42411e-11
1.42391e-11
1.42341e-11
1.4227e-11
1.42208e-11
1.42177e-11
1.42167e-11
1.42148e-11
1.42099e-11
1.42028e-11
1.41966e-11
1.41935e-11
1.41925e-11
1.41906e-11
1.41858e-11
1.41787e-11
1.41726e-11
1.41694e-11
1.41684e-11
1.41666e-11
1.41618e-11
1.41548e-11
1.41487e-11
1.41454e-11
1.41445e-11
1.41427e-11
1.4138e-11
1.41311e-11
1.41249e-11
1.41217e-11
1.41207e-11
1.4119e-11
1.41144e-11
1.41075e-11
1.41013e-11
1.40981e-11
1.40971e-11
1.40955e-11
1.40909e-11
1.40841e-11
1.40779e-11
1.40746e-11
1.40736e-11
1.40721e-11
1.40676e-11
1.40608e-11
1.40546e-11
1.40513e-11
1.40503e-11
1.40488e-11
1.40444e-11
1.40376e-11
1.40314e-11
1.40281e-11
1.40272e-11
1.40257e-11
1.40214e-11
1.40146e-11
1.40084e-11
1.40051e-11
1.40041e-11
1.40027e-11
1.39985e-11
1.39918e-11
1.39856e-11
1.39822e-11
1.39813e-11
1.39799e-11
1.39757e-11
1.39691e-11
1.39629e-11
1.39595e-11
1.39586e-11
1.39573e-11
1.39531e-11
1.39466e-11
1.39403e-11
1.39369e-11
1.3936e-11
1.39347e-11
1.39307e-11
1.39242e-11
1.39179e-11
1.39145e-11
1.39136e-11
1.39124e-11
1.39084e-11
1.39019e-11
1.38957e-11
1.38922e-11
1.38913e-11
1.38901e-11
1.38862e-11
1.38798e-11
1.38736e-11
1.38701e-11
1.38692e-11
1.38681e-11
1.38642e-11
1.38578e-11
1.38516e-11
1.38481e-11
1.38472e-11
1.38461e-11
1.38423e-11
1.3836e-11
1.38298e-11
1.38263e-11
1.38253e-11
1.38243e-11
1.38206e-11
1.38143e-11
1.38081e-11
1.38046e-11
1.38036e-11
1.38027e-11
1.3799e-11
1.37928e-11
1.37866e-11
1.3783e-11
1.37821e-11
1.37811e-11
1.37776e-11
1.37714e-11
1.37652e-11
1.37616e-11
1.37607e-11
1.37598e-11
1.37563e-11
1.37501e-11
1.37439e-11
1.37403e-11
1.37394e-11
1.37385e-11
1.37351e-11
1.3729e-11
1.37228e-11
1.37192e-11
1.37182e-11
1.37174e-11
1.37141e-11
1.3708e-11
1.37018e-11
1.36982e-11
1.36972e-11
1.36965e-11
1.36932e-11
1.36872e-11
1.3681e-11
1.36773e-11
1.36764e-11
1.36756e-11
1.36724e-11
1.36665e-11
1.36603e-11
1.36566e-11
1.36556e-11
1.36549e-11
1.36518e-11
1.36459e-11
1.36397e-11
1.3636e-11
1.3635e-11
1.36344e-11
1.36313e-11
1.36254e-11
1.36193e-11
1.36155e-11
1.36146e-11
1.3614e-11
1.36109e-11
1.36051e-11
1.3599e-11
1.35952e-11
1.35942e-11
1.35937e-11
1.35907e-11
1.3585e-11
1.35788e-11
1.3575e-11
1.3574e-11
1.35735e-11
1.35706e-11
1.35649e-11
1.35588e-11
1.3555e-11
1.3554e-11
1.35535e-11
1.35506e-11
1.3545e-11
1.35389e-11
1.3535e-11
1.3534e-11
1.35336e-11
1.35308e-11
1.35252e-11
1.35191e-11
1.35152e-11
1.35142e-11
1.35138e-11
1.35111e-11
1.35055e-11
1.34994e-11
1.34956e-11
1.34946e-11
1.34941e-11
1.34915e-11
1.3486e-11
1.34799e-11
1.3476e-11
1.3475e-11
1.34746e-11
1.3472e-11
1.34666e-11
1.34605e-11
1.34566e-11
1.34556e-11
1.34552e-11
1.34527e-11
1.34473e-11
1.34412e-11
1.34373e-11
1.34363e-11
1.34359e-11
1.34335e-11
1.34281e-11
1.34221e-11
1.34181e-11
1.34171e-11
1.34168e-11
1.34144e-11
1.34091e-11
1.3403e-11
1.33991e-11
1.3398e-11
1.33978e-11
1.33954e-11
1.33902e-11
1.33841e-11
1.33802e-11
1.33791e-11
1.33788e-11
1.33766e-11
1.33714e-11
1.33653e-11
1.33614e-11
1.33603e-11
1.33601e-11
1.33578e-11
1.33527e-11
1.33467e-11
1.33427e-11
1.33416e-11
1.33414e-11
1.33392e-11
1.33341e-11
1.33281e-11
1.33241e-11
1.3323e-11
1.33228e-11
1.33207e-11
1.33157e-11
1.33097e-11
1.33057e-11
1.33045e-11
1.33044e-11
1.33023e-11
1.32973e-11
1.32914e-11
1.32873e-11
1.32862e-11
1.32861e-11
1.3284e-11
1.32791e-11
1.32732e-11
1.32691e-11
1.32679e-11
1.32678e-11
1.32659e-11
1.3261e-11
1.32551e-11
1.3251e-11
1.32498e-11
1.32497e-11
1.32478e-11
1.3243e-11
1.32371e-11
1.3233e-11
1.32318e-11
1.32318e-11
1.32299e-11
1.32251e-11
1.32192e-11
1.32151e-11
1.32139e-11
1.32139e-11
1.32121e-11
1.32074e-11
1.32015e-11
1.31973e-11
1.31961e-11
1.31961e-11
1.31944e-11
1.31897e-11
1.31838e-11
1.31797e-11
1.31784e-11
1.31784e-11
1.31767e-11
1.31721e-11
1.31663e-11
1.31621e-11
1.31609e-11
1.31609e-11
1.31592e-11
1.31547e-11
1.31488e-11
1.31446e-11
1.31434e-11
1.31434e-11
1.31418e-11
1.31373e-11
1.31315e-11
1.31273e-11
1.3126e-11
1.31261e-11
1.31245e-11
1.31201e-11
1.31143e-11
1.31101e-11
1.31088e-11
1.31088e-11
1.31073e-11
1.31029e-11
1.30971e-11
1.30929e-11
1.30916e-11
1.30917e-11
1.30902e-11
1.30859e-11
1.30801e-11
1.30759e-11
1.30745e-11
1.30746e-11
1.30732e-11
1.30689e-11
1.30632e-11
1.30589e-11
1.30576e-11
1.30577e-11
1.30563e-11
1.30521e-11
1.30463e-11
1.30421e-11
1.30407e-11
1.30408e-11
1.30395e-11
1.30353e-11
1.30296e-11
1.30253e-11
1.3024e-11
1.30241e-11
1.30228e-11
1.30187e-11
1.3013e-11
1.30087e-11
1.30073e-11
1.30074e-11
1.30062e-11
1.30021e-11
1.29964e-11
1.29921e-11
1.29907e-11
1.29909e-11
1.29897e-11
1.29856e-11
1.298e-11
1.29757e-11
1.29742e-11
1.29744e-11
1.29733e-11
1.29692e-11
1.29636e-11
1.29593e-11
1.29578e-11
1.2958e-11
1.29569e-11
1.2953e-11
1.29473e-11
1.2943e-11
1.29415e-11
1.29417e-11
1.29407e-11
1.29368e-11
1.29312e-11
1.29268e-11
1.29253e-11
1.29255e-11
1.29245e-11
1.29206e-11
1.29151e-11
1.29107e-11
1.29092e-11
1.29094e-11
1.29085e-11
1.29046e-11
1.28991e-11
1.28947e-11
1.28932e-11
1.28934e-11
1.28925e-11
1.28887e-11
1.28832e-11
1.28788e-11
1.28772e-11
1.28775e-11
1.28766e-11
1.28728e-11
1.28673e-11
1.28629e-11
1.28614e-11
1.28616e-11
1.28608e-11
1.28571e-11
1.28516e-11
1.28472e-11
1.28456e-11
1.28458e-11
1.2845e-11
1.28414e-11
1.28359e-11
1.28315e-11
1.28299e-11
1.28301e-11
1.28294e-11
1.28258e-11
1.28203e-11
1.28159e-11
1.28143e-11
1.28145e-11
1.28138e-11
1.28102e-11
1.28048e-11
1.28004e-11
1.27987e-11
1.2799e-11
1.27983e-11
1.27948e-11
1.27894e-11
1.27849e-11
1.27833e-11
1.27835e-11
1.27829e-11
1.27794e-11
1.2774e-11
1.27696e-11
1.27679e-11
1.27682e-11
1.27675e-11
1.27641e-11
1.27588e-11
1.27543e-11
1.27526e-11
1.27529e-11
1.27523e-11
1.27489e-11
1.27436e-11
1.27391e-11
1.27374e-11
1.27376e-11
1.27371e-11
1.27337e-11
1.27284e-11
1.27239e-11
1.27222e-11
1.27225e-11
1.2722e-11
1.27187e-11
1.27134e-11
1.27089e-11
1.27071e-11
1.27074e-11
1.27069e-11
1.27037e-11
1.26984e-11
1.26939e-11
1.26921e-11
1.26924e-11
1.26919e-11
1.26887e-11
1.26835e-11
1.2679e-11
1.26772e-11
1.26774e-11
1.2677e-11
1.26739e-11
1.26687e-11
1.26641e-11
1.26623e-11
1.26626e-11
1.26622e-11
1.26591e-11
1.26539e-11
1.26493e-11
1.26475e-11
1.26478e-11
1.26474e-11
1.26443e-11
1.26392e-11
1.26346e-11
1.26328e-11
1.2633e-11
1.26327e-11
1.26297e-11
1.26245e-11
1.262e-11
1.26181e-11
1.26184e-11
1.2618e-11
1.26151e-11
1.26099e-11
1.26054e-11
1.26035e-11
1.26037e-11
1.26035e-11
1.26005e-11
1.25954e-11
1.25909e-11
1.25889e-11
1.25892e-11
1.25889e-11
1.2586e-11
1.2581e-11
1.25764e-11
1.25745e-11
1.25747e-11
1.25745e-11
1.25716e-11
1.25666e-11
1.2562e-11
1.256e-11
1.25603e-11
1.25601e-11
1.25573e-11
1.25522e-11
1.25477e-11
1.25457e-11
1.25459e-11
1.25458e-11
1.2543e-11
1.2538e-11
1.25334e-11
1.25314e-11
1.25316e-11
1.25315e-11
1.25287e-11
1.25238e-11
1.25191e-11
1.25171e-11
1.25174e-11
1.25172e-11
1.25145e-11
1.25096e-11
1.2505e-11
1.25029e-11
1.25032e-11
1.25031e-11
1.25004e-11
1.24955e-11
1.24909e-11
1.24888e-11
1.2489e-11
1.2489e-11
1.24863e-11
1.24814e-11
1.24768e-11
1.24747e-11
1.24749e-11
1.24749e-11
1.24723e-11
1.24674e-11
1.24628e-11
1.24607e-11
1.24609e-11
1.24609e-11
1.24583e-11
1.24535e-11
1.24489e-11
1.24467e-11
1.24469e-11
1.24469e-11
1.24444e-11
1.24396e-11
1.2435e-11
1.24328e-11
1.2433e-11
1.2433e-11
1.24306e-11
1.24257e-11
1.24211e-11
1.24189e-11
1.24191e-11
1.24192e-11
1.24167e-11
1.2412e-11
1.24073e-11
1.24051e-11
1.24053e-11
1.24054e-11
1.2403e-11
1.23982e-11
1.23935e-11
1.23913e-11
1.23915e-11
1.23916e-11
1.23892e-11
1.23845e-11
1.23798e-11
1.23776e-11
1.23778e-11
1.23779e-11
1.23756e-11
1.23708e-11
1.23662e-11
1.23639e-11
1.23641e-11
1.23642e-11
1.23619e-11
1.23572e-11
1.23526e-11
1.23503e-11
1.23504e-11
1.23506e-11
1.23483e-11
1.23437e-11
1.2339e-11
1.23367e-11
1.23368e-11
1.2337e-11
1.23348e-11
1.23301e-11
1.23255e-11
1.23232e-11
1.23233e-11
