0
1.66033e-13
6.90529e-13
1.70876e-12
3.27193e-12
5.36593e-12
7.94948e-12
1.09839e-11
1.44407e-11
1.82926e-11
2.25015e-11
2.70164e-11
3.178e-11
3.6737e-11
4.18362e-11
4.70268e-11
5.22533e-11
5.74551e-11
6.25711e-11
6.75439e-11
7.23217e-11
7.68558e-11
8.1098e-11
8.5001e-11
8.85215e-11
9.16231e-11
9.42773e-11
9.64614e-11
9.81563e-11
9.93469e-11
1.00024e-10
1.00186e-10
9.98385e-11
9.89879e-11
9.76401e-11
9.57927e-11
9.3429e-11
9.05113e-11
8.69774e-11
8.275e-11
7.77725e-11
7.208e-11
6.58982e-11
5.97364e-11
5.44155e-11
5.0961e-11
5.03171e-11
5.29143e-11
5.82261e-11
6.45393e-11
6.91661e-11
6.91863e-11
6.25511e-11
4.91128e-11
3.10337e-11
1.22093e-11
-3.20267e-12
-1.25293e-11
-1.57157e-11
-1.51668e-11
-1.42976e-11
-1.55688e-11
-1.91681e-11
-2.3171e-11
-2.50968e-11
-2.38389e-11
-2.06394e-11
-1.83867e-11
-1.96745e-11
-2.49808e-11
-3.22931e-11
-3.84916e-11
-4.1505e-11
-4.16484e-11
-4.11451e-11
-4.22157e-11
-4.52338e-11
-4.84066e-11
-4.92357e-11
-4.65787e-11
-4.1635e-11
-3.7042e-11
-3.48174e-11
-3.48383e-11
-3.51078e-11
-3.35639e-11
-2.98888e-11
-2.57817e-11
-2.34805e-11
-2.38201e-11
-2.5515e-11
-2.62817e-11
-2.48114e-11
-2.18615e-11
-1.95201e-11
-1.93157e-11
-2.08602e-11
-2.22271e-11
-2.17018e-11
-1.93163e-11
-1.67878e-11
-1.59361e-11
-1.70343e-11
-1.85911e-11
-1.8747e-11
-1.69851e-11
-1.45835e-11
-1.34102e-11
-1.41929e-11
-1.58685e-11
-1.65997e-11
-1.54916e-11
-1.3401e-11
-1.20979e-11
-1.25871e-11
-1.4177e-11
-1.51578e-11
-1.4429e-11
-1.2527e-11
-1.10901e-11
-1.12891e-11
-1.27254e-11
-1.38379e-11
-1.3409e-11
-1.17209e-11
-1.02628e-11
-1.0288e-11
-1.16177e-11
-1.28346e-11
-1.26613e-11
-1.11835e-11
-9.7439e-12
-9.6275e-12
-1.08222e-11
-1.20509e-11
-1.20258e-11
-1.06942e-11
-9.26977e-12
-9.03533e-12
-1.00966e-11
-1.12992e-11
-1.1372e-11
-1.01678e-11
-8.789e-12
-8.4922e-12
-9.45802e-12
-1.06309e-11
-1.07709e-11
-9.67076e-12
-8.34339e-12
-8.00925e-12
-8.89436e-12
-1.00226e-11
-1.01932e-11
-9.16635e-12
-7.88585e-12
-7.53203e-12
-8.35422e-12
-9.43765e-12
-9.62333e-12
-8.65715e-12
-7.4291e-12
-7.07711e-12
-7.85689e-12
-8.90023e-12
-9.09044e-12
-8.1732e-12
-6.9977e-12
-6.65917e-12
-7.40767e-12
-8.41035e-12
-8.59338e-12
-7.71326e-12
-6.58878e-12
-6.27246e-12
-6.99917e-12
-7.96229e-12
-8.13074e-12
-7.28016e-12
-6.20684e-12
-5.92042e-12
-6.63305e-12
-7.55709e-12
-7.70423e-12
-6.87589e-12
-5.85229e-12
-5.60023e-12
-6.30333e-12
-7.18747e-12
-7.30729e-12
-6.49522e-12
-5.52029e-12
-5.30636e-12
-6.00392e-12
-6.84813e-12
-6.9367e-12
-6.13704e-12
-5.21055e-12
-5.03784e-12
-5.73276e-12
-6.5367e-12
-6.59076e-12
-5.80035e-12
-4.92176e-12
-4.792e-12
-5.48578e-12
-6.24869e-12
-6.26569e-12
-5.48235e-12
-4.65142e-12
-4.56584e-12
-5.25936e-12
-5.9807e-12
-5.95915e-12
-5.18185e-12
-4.3987e-12
-4.358e-12
-5.05148e-12
-5.73058e-12
-5.66955e-12
-4.89785e-12
-4.1626e-12
-4.16679e-12
-4.8597e-12
-5.49576e-12
-5.39486e-12
-4.62898e-12
-3.94189e-12
-3.9906e-12
-4.68198e-12
-5.27428e-12
-5.13372e-12
-4.37448e-12
-3.73592e-12
-3.8284e-12
-4.51687e-12
-5.0647e-12
-4.88509e-12
-4.1337e-12
-3.54401e-12
-3.67909e-12
-4.36292e-12
-4.86558e-12
-4.64789e-12
-3.90588e-12
-3.36539e-12
-3.54159e-12
-4.21881e-12
-4.67573e-12
-4.42131e-12
-3.69049e-12
-3.19944e-12
-3.41502e-12
-4.08347e-12
-4.49421e-12
-4.2047e-12
-3.48702e-12
-3.04556e-12
-3.29848e-12
-3.95587e-12
-4.3201e-12
-3.9974e-12
-3.29496e-12
-2.90308e-12
-3.19108e-12
-3.83507e-12
-4.15265e-12
-3.79891e-12
-3.11387e-12
-2.77141e-12
-3.09204e-12
-3.72025e-12
-3.99122e-12
-3.6088e-12
-2.94333e-12
-2.64997e-12
-3.00059e-12
-3.61066e-12
-3.83526e-12
-3.42668e-12
-2.78294e-12
-2.53815e-12
-2.916e-12
-3.50563e-12
-3.68431e-12
-3.25222e-12
-2.63232e-12
-2.4354e-12
-2.83759e-12
-3.40456e-12
-3.53796e-12
-3.08517e-12
-2.4911e-12
-2.34116e-12
-2.76471e-12
-3.30694e-12
-3.39591e-12
-2.92526e-12
-2.35892e-12
-2.25488e-12
-2.69677e-12
-3.21229e-12
-3.25788e-12
-2.7723e-12
-2.23544e-12
-2.17603e-12
-2.63319e-12
-3.12022e-12
-3.12366e-12
-2.6261e-12
-2.12032e-12
-2.10409e-12
-2.57347e-12
-3.03037e-12
-2.99309e-12
-2.48649e-12
-2.01321e-12
-2.03855e-12
-2.5171e-12
-2.94245e-12
-2.86602e-12
-2.35334e-12
-1.91379e-12
-1.97894e-12
-2.46363e-12
-2.8562e-12
-2.74238e-12
-2.22649e-12
-1.82172e-12
-1.92477e-12
-2.41266e-12
-2.7714e-12
-2.62207e-12
-2.10582e-12
-1.73667e-12
-1.87559e-12
-2.36379e-12
-2.68788e-12
-2.50506e-12
-1.99119e-12
-1.65833e-12
-1.83096e-12
-2.31669e-12
-2.6055e-12
-2.39131e-12
-1.88249e-12
-1.58636e-12
-1.79046e-12
-2.27103e-12
-2.52413e-12
-2.28079e-12
-1.77959e-12
-1.52044e-12
-1.75368e-12
-2.22653e-12
