T          	Er(t)      	Ephi(t)    	Ez(t)      	Hr(t)      	Hphi(t)    	Hz(t)      	Jr(t)      	Jphi(t)    	Jz(t)      
0          	0          	0          	0          	0          	0          	0          	0.484687   	-0.484687  	0          	
0.04375    	0          	0          	0          	0          	0          	0          	0.46938    	-0.46938   	0          	
0.0875     	0          	1.44158e-013	0          	6.30135e-021	6.51864e-021	7.2079e-014	0.454093   	-0.454092  	-2.35846e-012	
0.13125    	1.20132e-015	7.84161e-013	-3.36434e-021	3.42207e-020	3.52985e-020	4.45519e-013	0.438844   	-0.438838  	-9.24976e-012	
0.175      	8.62664e-015	2.43669e-012	-2.07148e-020	1.0611e-019	1.09085e-019	1.53466e-012	0.423649   	-0.42363   	-2.26345e-011	
0.21875    	3.42043e-014	5.67327e-012	-7.1036e-020	2.46401e-019	2.52412e-019	3.88093e-012	0.408525   	-0.408482  	-4.42329e-011	
0.2625     	9.88865e-014	1.1013e-011	-1.78767e-019	4.7683e-019	4.8677e-019	8.04147e-012	0.39349    	-0.393407  	-7.55025e-011	
0.30625    	2.32911e-013	1.8872e-011	-3.68588e-019	8.14214e-019	8.28578e-019	1.44904e-011	0.378563   	-0.378415  	-1.17619e-010	
0.35       	4.74417e-013	2.95744e-011	-6.61066e-019	1.27101e-018	1.29e-018  	2.35819e-011	0.363761   	-0.363518  	-1.71464e-010	
0.39375    	8.6745e-013	4.33909e-011	-1.07134e-018	1.85709e-018	1.88076e-018	3.55757e-011	0.349101   	-0.348728  	-2.37612e-010	
0.4375     	1.46038e-012	6.05617e-011	-1.61054e-018	2.58081e-018	2.60908e-018	5.06832e-011	0.334601   	-0.334054  	-3.16329e-010	
0.48125    	2.3051e-012	8.12878e-011	-2.28791e-018	3.44865e-018	3.48106e-018	6.90907e-011	0.320278   	-0.319506  	-4.07571e-010	
0.525      	3.45661e-012	1.05704e-010	-3.11157e-018	4.46405e-018	4.49943e-018	9.09441e-011	0.306149   	-0.305093  	-5.10996e-010	
0.56875    	4.97235e-012	1.3386e-010	-4.08745e-018	5.62667e-018	5.66284e-018	1.16316e-010	0.292229   	-0.290822  	-6.25981e-010	
0.6125     	6.91095e-012	1.65724e-010	-5.21784e-018	6.93252e-018	6.96628e-018	1.45187e-010	0.278533   	-0.276702  	-7.51662e-010	
0.65625    	9.33073e-012	2.01199e-010	-6.50068e-018	8.37482e-018	8.40196e-018	1.77453e-010	0.265074   	-0.26274   	-8.86986e-010	
0.7        	1.22883e-011	2.40136e-010	-7.9302e-018	9.94466e-018	9.95988e-018	2.1295e-010	0.251867   	-0.248941  	-1.03079e-009	
0.74375    	1.58374e-011	2.82338e-010	-9.4981e-018	1.16311e-017	1.16277e-017	2.5147e-010	0.238921   	-0.235312  	-1.18186e-009	
0.7875     	2.00286e-011	3.27545e-010	-1.11941e-017	1.34206e-017	1.33903e-017	2.92761e-010	0.226248   	-0.22186   	-1.33903e-009	
0.83125    	2.4908e-011	3.75434e-010	-1.30057e-017	1.52971e-017	1.52298e-017	3.36511e-010	0.213858   	-0.20859   	-1.50121e-009	
0.875      	3.05165e-011	4.25622e-010	-1.49173e-017	1.72423e-017	1.71258e-017	3.82346e-010	0.201759   	-0.195508  	-1.66739e-009	
0.91875    	3.68889e-011	4.77685e-010	-1.69104e-017	1.92362e-017	1.90566e-017	4.29838e-010	0.189959   	-0.182621  	-1.83662e-009	
0.9625     	4.40529e-011	5.31172e-010	-1.89642e-017	2.12581e-017	2.09997e-017	4.78524e-010	0.178465   	-0.169935  	-2.008e-009	
1.00625    	5.20283e-011	5.8561e-010	-2.10568e-017	2.32867e-017	2.2932e-017	5.27925e-010	0.167283   	-0.157456  	-2.18063e-009	
1.05       	6.0827e-011	6.40501e-010	-2.31654e-017	2.53e-017  	2.48294e-017	5.77552e-010	0.156418   	-0.14519   	-2.35363e-009	
1.09375    	7.04529e-011	6.95335e-010	-2.52669e-017	2.72757e-017	2.6668e-017	6.26899e-010	0.145875   	-0.133142  	-2.52613e-009	
1.1375     	8.09012e-011	7.49594e-010	-2.73373e-017	2.91918e-017	2.84242e-017	6.75455e-010	0.135657   	-0.121318  	-2.69734e-009	
1.18125    	9.21588e-011	8.0278e-010	-2.93525e-017	3.10275e-017	3.00762e-017	7.2271e-010	0.125766   	-0.109722  	-2.8665e-009	
1.225      	1.04204e-010	8.54432e-010	-3.12891e-017	3.27638e-017	3.16048e-017	7.68187e-010	0.116205   	-0.0983606 	-3.03292e-009	
1.26875    	1.17007e-010	9.04149e-010	-3.3126e-017	3.43848e-017	3.29946e-017	8.11467e-010	0.106974   	-0.0872376 	-3.19594e-009	
1.3125     	1.30532e-010	9.51603e-010	-3.48452e-017	3.58784e-017	3.42343e-017	8.52202e-010	0.098075   	-0.0763579 	-3.35493e-009	
1.35625    	1.44735e-010	9.9656e-010	-3.64326e-017	3.72363e-017	3.53179e-017	8.90131e-010	0.0895072  	-0.0657258 	-3.5093e-009	
1.4        	1.5957e-010	1.03889e-009	-3.78789e-017	3.84551e-017	3.62444e-017	9.25093e-010	0.0812696  	-0.0553454 	-3.65846e-009	
1.44375    	1.74989e-010	1.07856e-009	-3.91794e-017	3.95362e-017	3.70179e-017	9.57028e-010	0.0733611  	-0.0452208 	-3.8019e-009	
1.4875     	1.90939e-010	1.11564e-009	-4.03349e-017	4.04849e-017	3.7646e-017	9.8598e-010	0.0657794  	-0.0353558 	-3.93915e-009	
1.53125    	2.07372e-010	1.15025e-009	-4.135e-017	4.13086e-017	3.81371e-017	1.01206e-009	0.0585221  	-0.0257547 	-4.06974e-009	
1.575      	2.2424e-010	1.18251e-009	-4.22323e-017	4.20148e-017	3.84979e-017	1.03543e-009	0.051586   	-0.0164221 	-4.19323e-009	
1.61875    	2.41497e-010	1.21249e-009	-4.29887e-017	4.2609e-017	3.87319e-017	1.05622e-009	0.0449673  	-0.0073637 	-4.3091e-009	
1.6625     	2.59101e-010	1.24022e-009	-4.3624e-017	4.3094e-017	3.884e-017 	1.07449e-009	0.0386619  	0.00141369 	-4.4168e-009	
1.70625    	2.77009e-010	1.26566e-009	-4.41395e-017	4.34704e-017	3.88213e-017	1.09026e-009	0.032665   	0.00990178 	-4.51565e-009	
1.75       	2.9518e-010	1.28877e-009	-4.45339e-017	4.37381e-017	3.86763e-017	1.10351e-009	0.0269714  	0.0180912  	-4.60488e-009	
1.79375    	3.13572e-010	1.30951e-009	-4.48059e-017	4.38979e-017	3.84075e-017	1.11422e-009	0.021575   	0.025973   	-4.68364e-009	
1.8375     	3.32142e-010	1.3279e-009	-4.49558e-017	4.39526e-017	3.80206e-017	1.12239e-009	0.0164697  	0.0335415  	-4.75114e-009	
1.88125    	3.50849e-010	1.34401e-009	-4.49871e-017	4.39068e-017	3.75224e-017	1.12809e-009	0.0116484  	0.0407975  	-4.80683e-009	
1.925      	3.6965e-010	1.3579e-009	-4.49053e-017	4.37657e-017	3.69195e-017	1.1314e-009	0.00710398 	0.0477524  	-4.85077e-009	
1.96875    	3.88507e-010	1.36965e-009	-4.47167e-017	4.35342e-017	3.62161e-017	1.13244e-009	0.00282908 	0.0544293  	-4.88384e-009	
2.0125     	4.07381e-010	1.3793e-009	-4.44261e-017	4.32154e-017	3.54144e-017	1.13126e-009	-0.00118355	0.0608612  	-4.9079e-009	
2.05625    	4.26235e-010	1.38683e-009	-4.40362e-017	4.28106e-017	3.45144e-017	1.12792e-009	-0.00494073	0.0670843  	-4.92557e-009	
2.1        	4.45034e-010	1.39222e-009	-4.35473e-017	4.23204e-017	3.35156e-017	1.1224e-009	-0.00844873	0.0731279  	-4.93968e-009	
2.14375    	4.63741e-010	1.39543e-009	-4.29584e-017	4.17447e-017	3.24173e-017	1.11471e-009	-0.0117133 	0.0790027  	-4.95252e-009	
2.1875     	4.82319e-010	1.39643e-009	-4.2268e-017	4.1084e-017	3.12167e-017	1.10481e-009	-0.0147398 	0.0846941  	-4.96505e-009	
2.23125    	5.00733e-010	1.39517e-009	-4.14737e-017	4.03379e-017	2.99077e-017	1.0927e-009	-0.0175339 	0.0901624  	-4.9766e-009	
2.275      	5.18944e-010	1.39158e-009	-4.05706e-017	3.95045e-017	2.84786e-017	1.07832e-009	-0.0201022 	0.0953532  	-4.98511e-009	
2.31875    	5.36916e-010	1.3855e-009	-3.95497e-017	3.85798e-017	2.69144e-017	1.0616e-009	-0.0224522 	0.100213   	-4.98799e-009	
2.3625     	5.54609e-010	1.37679e-009	-3.83973e-017	3.7559e-017	2.52032e-017	1.04242e-009	-0.024593  	0.104708   	-4.98308e-009	
2.40625    	5.71983e-010	1.36536e-009	-3.70993e-017	3.6441e-017	2.33465e-017	1.02067e-009	-0.026535  	0.10883    	-4.96927e-009	
2.45       	5.88994e-010	1.35133e-009	-3.56489e-017	3.52335e-017	2.13705e-017	9.96383e-010	-0.028289  	0.112595   	-4.94636e-009	
2.49375    	6.05601e-010	1.33515e-009	-3.40583e-017	3.3959e-017	1.93357e-017	9.69851e-010	-0.0298657 	0.116033   	-4.91417e-009	
2.5375     	6.21765e-010	1.31772e-009	-3.23688e-017	3.26572e-017	1.73373e-017	9.41743e-010	-0.0312755 	0.119169   	-4.87147e-009	
2.58125    	6.37461e-010	1.30026e-009	-3.06572e-017	3.13833e-017	1.54959e-017	9.13129e-010	-0.032528  	0.122016   	-4.81564e-009	
2.625      	6.52679e-010	1.28424e-009	-2.90316e-017	3.01993e-017	1.39331e-017	8.85377e-010	-0.0336326 	0.124577   	-4.74339e-009	
2.66875    	6.67436e-010	1.27098e-009	-2.76144e-017	2.91591e-017	1.27375e-017	8.59893e-010	-0.0345981 	0.126854   	-4.65236e-009	
2.7125     	6.81767e-010	1.26118e-009	-2.65136e-017	2.82891e-017	1.19273e-017	8.37723e-010	-0.0354336 	0.12886    	-4.5428e-009	
2.75625    	6.95729e-010	1.25454e-009	-2.57861e-017	2.75691e-017	1.14245e-017	8.19106e-010	-0.036148  	0.13062    	-4.41805e-009	
2.8        	7.09381e-010	1.24944e-009	-2.5405e-017	2.69225e-017	1.10556e-017	8.03101e-010	-0.0367499 	0.132162   	-4.28352e-009	
2.84375    	7.22766e-010	1.24304e-009	-2.52458e-017	2.6222e-017	1.05893e-017	7.87496e-010	-0.0372469 	0.133505   	-4.14458e-009	
2.8875     	7.35891e-010	1.23189e-009	-2.5103e-017	2.53163e-017	9.80437e-018	7.69126e-010	-0.0376466 	0.134652   	-4.00463e-009	
2.93125    	7.4871e-010	1.21288e-009	-2.47421e-017	2.40729e-017	8.56387e-018	7.44644e-010	-0.0379557 	0.135582   	-3.86467e-009	
2.975      	7.61121e-010	1.18432e-009	-2.39726e-017	2.24252e-017	6.86255e-018	7.11565e-010	-0.0381813 	0.136273   	-3.72439e-009	
3.01875    	7.7298e-010	1.14672e-009	-2.27126e-017	2.0403e-017	4.81727e-018	6.69225e-010	-0.0383312 	0.136709   	-3.58383e-009	
3.0625     	7.84134e-010	1.10277e-009	-2.10129e-017	1.81316e-017	2.59807e-018	6.1922e-010	-0.0384131 	0.136885   	-3.44438e-009	
3.10625    	7.94454e-010	1.05653e-009	-1.90221e-017	1.57936e-017	3.29989e-019	5.65038e-010	-0.0384355 	0.136811   	-3.30796e-009	
3.15       	8.03871e-010	1.01203e-009	-1.69014e-017	1.35666e-017	-1.98025e-018	5.10922e-010	-0.0384063 	0.136489   	-3.17516e-009	
3.19375    	8.12387e-010	9.71809e-010	-1.47331e-017	1.15629e-017	-4.44353e-018	4.60386e-010	-0.0383335 	0.135913   	-3.04382e-009	
3.2375     	8.2006e-010	9.36207e-010	-1.24749e-017	9.79877e-018	-7.20172e-018	4.15038e-010	-0.0382248 	0.135068   	-2.90926e-009	
3.28125    	8.26977e-010	9.03636e-010	-9.99753e-018	8.20844e-018	-1.02961e-017	3.74268e-010	-0.0380879 	0.13394    	-2.7663e-009	
3.325      	8.33215e-010	8.71757e-010	-7.1941e-018	6.69507e-018	-1.35693e-017	3.35956e-010	-0.0379311 	0.13253    	-2.61169e-009	
3.36875    	8.38814e-010	8.38899e-010	-4.10392e-018	5.1904e-018	-1.66718e-017	2.97847e-010	-0.0377625 	0.130854   	-2.4452e-009	
3.4125     	8.43778e-010	8.0493e-010	-9.70982e-019	3.68938e-018	-1.91919e-017	2.58818e-010	-0.0375901 	0.128932   	-2.26862e-009	
3.45625    	8.48092e-010	7.7108e-010	1.81525e-018	2.24003e-018	-2.08479e-017	2.19342e-010	-0.0374211 	0.126782   	-2.08358e-009	
3.5        	8.51748e-010	7.38841e-010	3.88288e-018	8.95498e-019	-2.16376e-017	1.80894e-010	-0.0372624 	0.124407   	-1.8902e-009	
3.54375    	8.54762e-010	7.08637e-010	5.06198e-018	-3.40389e-019	-2.18465e-017	1.44668e-010	-0.0371203 	0.121807   	-1.68752e-009	
3.5875     	8.57174e-010	6.79158e-010	5.48186e-018	-1.53757e-018	-2.1902e-017	1.1043e-010	-0.0370008 	0.118985   	-1.47556e-009	
3.63125    	8.59014e-010	6.47826e-010	5.51403e-018	-2.81525e-018	-2.21539e-017	7.6283e-011	-0.0369102 	0.115958   	-1.25692e-009	
3.675      	8.60286e-010	6.1216e-010	5.58466e-018	-4.2812e-018	-2.27156e-017	3.95475e-011	-0.036854  	0.112754   	-1.03655e-009	
3.71875    	8.60945e-010	5.71187e-010	5.96546e-018	-5.97276e-018	-2.34707e-017	-1.75621e-012	-0.0368375 	0.109401   	-8.19586e-010	
3.7625     	8.60915e-010	5.25968e-010	6.67333e-018	-7.8381e-018	-2.42363e-017	-4.7768e-011	-0.0368649 	0.105918   	-6.08989e-010	
3.80625    	8.60119e-010	4.78872e-010	7.5428e-018	-9.77103e-018	-2.49682e-017	-9.67485e-011	-0.0369397 	0.102315   	-4.04837e-010	
3.85       	8.58507e-010	4.32059e-010	8.4201e-018	-1.1677e-017	-2.58537e-017	-1.46193e-010	-0.0370652 	0.0986028  	-2.05873e-010	
3.89375    	8.5607e-010	3.86203e-010	9.33951e-018	-1.35257e-017	-2.72145e-017	-1.9437e-010	-0.0372441 	0.0948021  	-1.1855e-011	
3.9375     	8.52831e-010	3.40322e-010	1.05479e-017	-1.53555e-017	-2.92759e-017	-2.41248e-010	-0.0374788 	0.0909458  	1.75366e-010	
3.98125    	8.4881e-010	2.92813e-010	1.23476e-017	-1.72263e-017	-3.19681e-017	-2.88186e-010	-0.0377708 	0.0870706  	3.52976e-010	
4.025      	8.44007e-010	2.42934e-010	1.48614e-017	-1.91589e-017	-3.49124e-017	-3.36628e-010	-0.0381211 	0.0832061  	5.19473e-010	
4.06875    	8.38396e-010	1.91626e-010	1.78915e-017	-2.11035e-017	-3.76175e-017	-3.86748e-010	-0.0385295 	0.0793707  	6.75949e-010	
4.1125     	8.31951e-010	1.41068e-010	2.09876e-017	-2.29637e-017	-3.97564e-017	-4.37065e-010	-0.0389953 	0.0755776  	8.25127e-010	
4.15625    	8.24666e-010	9.32751e-011	2.36894e-017	-2.46579e-017	-4.13256e-017	-4.85298e-010	-0.0395172 	0.0718447  	9.68891e-010	
4.2        	8.16578e-010	4.88045e-011	2.578e-017 	-2.61721e-017	-4.25694e-017	-5.29853e-010	-0.0400935 	0.0681984  	1.1065e-009	
4.24375    	8.07747e-010	6.55717e-012	2.73658e-017	-2.75627e-017	-4.37286e-017	-5.70806e-010	-0.0407223 	0.0646691  	1.23505e-009	
4.2875     	7.98234e-010	-3.51588e-011	2.87253e-017	-2.89074e-017	-4.48095e-017	-6.09629e-010	-0.0414007 	0.0612795  	1.35181e-009	
4.33125    	7.88073e-010	-7.71115e-011	3.00434e-017	-3.02405e-017	-4.55575e-017	-6.47864e-010	-0.0421253 	0.0580393  	1.45624e-009	
4.375      	7.77275e-010	-1.18348e-010	3.12361e-017	-3.15224e-017	-4.5662e-017	-6.85736e-010	-0.0428922 	0.054948   	1.55001e-009	
4.41875    	7.65846e-010	-1.56735e-010	3.20088e-017	-3.26669e-017	-4.50311e-017	-7.21795e-010	-0.0436973 	0.0520048  	1.63492e-009	
4.4625     	7.53816e-010	-1.9042e-010	3.21042e-017	-3.36042e-017	-4.39109e-017	-7.53853e-010	-0.0445366 	0.0492153  	1.71078e-009	
4.50625    	7.41252e-010	-2.19044e-010	3.15446e-017	-3.43297e-017	-4.2743e-017	-7.80491e-010	-0.0454061 	0.0465894  	1.7753e-009	
4.55       	7.28244e-010	-2.43765e-010	3.06655e-017	-3.48992e-017	-4.1861e-017	-8.01943e-010	-0.0463016 	0.0441322  	1.82614e-009	
4.59375    	7.14878e-010	-2.66073e-010	2.99026e-017	-3.53759e-017	-4.12648e-017	-8.19672e-010	-0.0472188 	0.0418376  	1.86324e-009	
4.6375     	7.01217e-010	-2.86384e-010	2.94899e-017	-3.57722e-017	-4.06555e-017	-8.34992e-010	-0.0481533 	0.0396899  	1.88933e-009	
4.68125    	6.87301e-010	-3.03562e-010	2.93094e-017	-3.60346e-017	-3.97035e-017	-8.4786e-010	-0.0491009 	0.0376728  	1.90804e-009	
4.725      	6.7317e-010	-3.1577e-010	2.90137e-017	-3.60847e-017	-3.83315e-017	-8.56829e-010	-0.0500579 	0.0357783  	1.9214e-009	
4.76875    	6.58889e-010	-3.21952e-010	2.83249e-017	-3.58828e-017	-3.67776e-017	-8.60212e-010	-0.0510208 	0.0340067  	1.92902e-009	
4.8125     	6.44552e-010	-3.22721e-010	2.72658e-017	-3.5462e-017	-3.53845e-017	-8.57488e-010	-0.0519865 	0.0323588  	1.92962e-009	
4.85625    	6.30261e-010	-3.19918e-010	2.61329e-017	-3.49039e-017	-3.42934e-017	-8.49809e-010	-0.0529516 	0.0308288  	1.9234e-009	
4.9        	6.16097e-010	-3.1523e-010	2.52319e-017	-3.42785e-017	-3.33042e-017	-8.3918e-010	-0.0539129 	0.0294039  	1.91302e-009	
4.94375    	6.02111e-010	-3.09017e-010	2.46001e-017	-3.35969e-017	-3.20295e-017	-8.27013e-010	-0.0548673 	0.0280716  	1.90199e-009	
4.9875     	5.88327e-010	-3.00341e-010	2.3955e-017	-3.28184e-017	-3.02184e-017	-8.13257e-010	-0.0558123 	0.0268279  	1.8922e-009	
5.03125    	5.74773e-010	-2.88139e-010	2.29201e-017	-3.1903e-017	-2.79757e-017	-7.96821e-010	-0.0567452 	0.0256781  	1.88268e-009	
5.075      	5.61493e-010	-2.72532e-010	2.13421e-017	-3.08651e-017	-2.56885e-017	-7.76914e-010	-0.0576637 	0.0246292  	1.8709e-009	
5.11875    	5.48544e-010	-2.5512e-010	1.94323e-017	-2.97802e-017	-2.37182e-017	-7.5414e-010	-0.0585654 	0.0236817  	1.85535e-009	
5.1625     	5.35975e-010	-2.38013e-010	1.76064e-017	-2.8739e-017	-2.21202e-017	-7.30398e-010	-0.0594476 	0.0228273  	1.83695e-009	
5.20625    	5.23802e-010	-2.22406e-010	1.61562e-017	-2.77875e-017	-2.06338e-017	-7.0766e-010	-0.0603078 	0.0220551  	1.81797e-009	
5.25       	5.12008e-010	-2.07927e-010	1.50334e-017	-2.69041e-017	-1.89501e-017	-6.86673e-010	-0.0611437 	0.0213597  	1.79961e-009	
5.29375    	5.00563e-010	-1.93305e-010	1.39298e-017	-2.60327e-017	-1.70213e-017	-6.66677e-010	-0.0619534 	0.0207427  	1.78053e-009	
5.3375     	4.89452e-010	-1.77733e-010	1.2585e-017	-2.51423e-017	-1.51372e-017	-6.46372e-010	-0.0627349 	0.0202079  	1.75796e-009	
5.38125    	4.78679e-010	-1.6175e-010	1.105e-017 	-2.42595e-017	-1.36941e-017	-6.25268e-010	-0.0634866 	0.0197522  	1.73015e-009	
5.425      	4.68258e-010	-1.46841e-010	9.67202e-018	-2.34466e-017	-1.2857e-017	-6.04232e-010	-0.0642064 	0.0193646  	1.69808e-009	
5.46875    	4.58187e-010	-1.34149e-010	8.80724e-018	-2.2745e-017	-1.24132e-017	-5.84773e-010	-0.0648926 	0.0190312  	1.66459e-009	
5.5125     	4.48441e-010	-1.23419e-010	8.51277e-018	-2.21341e-017	-1.19496e-017	-5.67691e-010	-0.065544  	0.0187435  	1.6319e-009	
5.55625    	4.3898e-010	-1.13149e-010	8.48911e-018	-2.15437e-017	-1.12015e-017	-5.52309e-010	-0.0661593 	0.0185013  	1.59988e-009	
5.6        	4.29774e-010	-1.01805e-010	8.32894e-018	-2.09091e-017	-1.02625e-017	-5.36967e-010	-0.0667377 	0.018308   	1.56672e-009	
5.64375    	4.20825e-010	-8.90438e-011	7.8551e-018	-2.02203e-017	-9.47068e-018	-5.20367e-010	-0.0672785 	0.0181623  	1.53132e-009	
5.6875     	4.12152e-010	-7.58683e-011	7.24965e-018	-1.95236e-017	-9.07257e-018	-5.02575e-010	-0.0677807 	0.0180557  	1.49502e-009	
5.73125    	4.03776e-010	-6.36142e-011	6.85974e-018	-1.88736e-017	-8.97054e-018	-4.84827e-010	-0.0682436 	0.0179772  	1.46087e-009	
5.775      	3.95695e-010	-5.26904e-011	6.85499e-018	-1.82819e-017	-8.78529e-018	-4.68331e-010	-0.0686666 	0.0179212  	1.43123e-009	
5.81875    	3.8789e-010	-4.22191e-011	7.04675e-018	-1.77067e-017	-8.18121e-018	-4.53162e-010	-0.0690495 	0.0178899  	1.40583e-009	
5.8625     	3.80337e-010	-3.08863e-011	7.03601e-018	-1.70941e-017	-7.16209e-018	-4.38224e-010	-0.0693922 	0.0178893  	1.38233e-009	
5.90625    	3.73033e-010	-1.8219e-011	6.56037e-018	-1.6431e-017	-6.06809e-018	-4.22321e-010	-0.0696946 	0.0179213  	1.35873e-009	
5.95       	3.65995e-010	-5.11466e-012	5.72782e-018	-1.57627e-017	-5.2741e-018	-4.05334e-010	-0.0699563 	0.0179796  	1.33529e-009	
5.99375    	3.59239e-010	6.86604e-012	4.92399e-018	-1.5157e-017	-4.86234e-018	-3.88435e-010	-0.0701771 	0.0180551  	1.31415e-009	
6.0375     	3.52765e-010	1.68064e-011	4.47421e-018	-1.46479e-017	-4.56711e-018	-3.73132e-010	-0.070357  	0.018142   	1.29695e-009	
6.08125    	3.46546e-010	2.51608e-011	4.3653e-018	-1.421e-017	-4.04165e-018	-3.60007e-010	-0.0704962 	0.0182422  	1.28298e-009	
6.125      	3.40546e-010	3.32527e-011	4.27969e-018	-1.37849e-017	-3.20092e-018	-3.48282e-010	-0.0705951 	0.0183608  	1.26956e-009	
6.16875    	3.34742e-010	4.20181e-011	3.9099e-018	-1.33366e-017	-2.32207e-018	-3.36593e-010	-0.0706539 	0.0184987  	1.25441e-009	
6.2125     	3.29132e-010	5.11498e-011	3.26391e-018	-1.28831e-017	-1.80641e-018	-3.24256e-010	-0.0706729 	0.0186496  	1.2377e-009	
6.25625    	3.23728e-010	5.94187e-011	2.67796e-018	-1.2477e-017	-1.81943e-018	-3.1187e-010	-0.0706524 	0.0188038  	1.22175e-009	
6.3        	3.1853e-010	6.58594e-011	2.52164e-018	-1.21534e-017	-2.14068e-018	-3.0071e-010	-0.0705927 	0.0189552  	1.20865e-009	
6.34375    	3.13518e-010	7.07121e-011	2.86397e-018	-1.18936e-017	-2.36315e-018	-2.91498e-010	-0.0704947 	0.0191052  	1.1983e-009	
6.3875     	3.0866e-010	7.52505e-011	3.40831e-018	-1.16384e-017	-2.25895e-018	-2.83678e-010	-0.070359  	0.0192587  	1.18861e-009	
6.43125    	3.03932e-010	8.06573e-011	3.75757e-018	-1.13394e-017	-1.9728e-018	-2.7588e-010	-0.0701866 	0.0194174  	1.17776e-009	
6.475      	2.99334e-010	8.69929e-011	3.76621e-018	-1.09997e-017	-1.8648e-018	-2.67121e-010	-0.0699781 	0.0195761  	1.16625e-009	
6.51875    	2.94882e-010	9.32049e-011	3.65461e-018	-1.06673e-017	-2.15106e-018	-2.57651e-010	-0.0697343 	0.0197267  	1.15655e-009	
6.5625     	2.90587e-010	9.81554e-011	3.78104e-018	-1.03879e-017	-2.68036e-018	-2.48662e-010	-0.0694558 	0.0198645  	1.15087e-009	
6.60625    	2.86443e-010	1.01696e-010	4.28555e-018	-1.01617e-017	-3.05882e-018	-2.4114e-010	-0.0691439 	0.0199922  	1.14906e-009	
6.65       	2.82424e-010	1.04791e-010	4.9401e-018	-9.94405e-018	-3.00773e-018	-2.34948e-010	-0.0687997 	0.0201157  	1.14883e-009	
6.69375    	2.78508e-010	1.08582e-010	5.34753e-018	-9.68921e-018	-2.61939e-018	-2.28978e-010	-0.0684241 	0.0202377  	1.14804e-009	
6.7375     	2.74692e-010	1.1329e-010	5.30486e-018	-9.395e-018	-2.26967e-018	-2.22216e-010	-0.0680182 	0.0203542  	1.14672e-009	
6.78125    	2.70988e-010	1.17984e-010	4.99088e-018	-9.10662e-018	-2.26835e-018	-2.14721e-010	-0.0675829 	0.0204578  	1.14691e-009	
6.825      	2.6741e-010	1.21438e-010	4.80097e-018	-8.87563e-018	-2.57578e-018	-2.07587e-010	-0.0671191 	0.0205445  	1.15041e-009	
6.86875    	2.6395e-010	1.23258e-010	4.98271e-018	-8.71305e-018	-2.85255e-018	-2.01933e-010	-0.0666281 	0.0206171  	1.15676e-009	
6.9125     	2.60584e-010	1.24226e-010	5.41391e-018	-8.58048e-018	-2.79458e-018	-1.97876e-010	-0.0661111 	0.0206814  	1.16347e-009	
6.95625    	2.57286e-010	1.25547e-010	5.73139e-018	-8.42723e-018	-2.43465e-018	-1.94437e-010	-0.0655694 	0.0207399  	1.16827e-009	
7          	2.54046e-010	1.27707e-010	5.68794e-018	-8.23801e-018	-2.12264e-018	-1.90478e-010	-0.065004  	0.0207887  	1.1712e-009	
7.04375    	2.50871e-010	1.30039e-010	5.39888e-018	-8.04612e-018	-2.20087e-018	-1.85757e-010	-0.0644158 	0.0208207  	1.17441e-009	
7.0875     	2.47775e-010	1.31383e-010	5.24262e-018	-7.89998e-018	-2.68177e-018	-1.8113e-010	-0.0638061 	0.020832   	1.1799e-009	
7.13125    	2.44756e-010	1.31219e-010	5.50759e-018	-7.81535e-018	-3.23469e-018	-1.77704e-010	-0.0631761 	0.0208254  	1.18748e-009	
7.175      	2.41795e-010	1.3018e-010	6.11942e-018	-7.75878e-018	-3.49533e-018	-1.75759e-010	-0.0625272 	0.0208071  	1.19492e-009	
7.21875    	2.38865e-010	1.29473e-010	6.70793e-018	-7.67789e-018	-3.40435e-018	-1.74457e-010	-0.0618605 	0.0207798  	1.20024e-009	
7.2625     	2.35958e-010	1.29757e-010	6.95166e-018	-7.54962e-018	-3.25297e-018	-1.72614e-010	-0.0611772 	0.0207401  	1.20371e-009	
7.30625    	2.33081e-010	1.30549e-010	6.87384e-018	-7.40042e-018	-3.39282e-018	-1.69796e-010	-0.0604784 	0.0206819  	1.20763e-009	
7.35       	2.30251e-010	1.30716e-010	6.80873e-018	-7.27966e-018	-3.88845e-018	-1.66695e-010	-0.0597652 	0.0206021  	1.21409e-009	
7.39375    	2.27473e-010	1.29569e-010	7.07142e-018	-7.21192e-018	-4.44609e-018	-1.64446e-010	-0.0590388 	0.0205043  	1.22289e-009	
7.4375     	2.24732e-010	1.27523e-010	7.64673e-018	-7.17391e-018	-4.68824e-018	-1.63534e-010	-0.0583005 	0.0203948  	1.23174e-009	
7.48125    	2.22006e-010	1.25686e-010	8.19575e-018	-7.11762e-018	-4.51129e-018	-1.63336e-010	-0.0575515 	0.020277   	1.23856e-009	
7.525      	2.19284e-010	1.24793e-010	8.37453e-018	-7.01709e-018	-4.18325e-018	-1.62726e-010	-0.0567929 	0.0201481  	1.24349e-009	
7.56875    	2.16572e-010	1.24505e-010	8.16075e-018	-6.89367e-018	-4.08732e-018	-1.61155e-010	-0.0560256 	0.0200023  	1.24867e-009	
7.6125     	2.13886e-010	1.23743e-010	7.87524e-018	-6.7957e-018	-4.35747e-018	-1.5917e-010	-0.0552506 	0.0198374  	1.25601e-009	
7.65625    	2.11233e-010	1.2173e-010	7.87729e-018	-6.75242e-018	-4.75625e-018	-1.57877e-010	-0.0544691 	0.0196569  	1.26512e-009	
7.7        	2.08602e-010	1.18729e-010	8.22549e-018	-6.7465e-018	-4.91154e-018	-1.5788e-010	-0.0536821 	0.0194673  	1.27363e-009	
7.74375    	2.05971e-010	1.15786e-010	8.62911e-018	-6.7313e-018	-4.68292e-018	-1.58705e-010	-0.0528908 	0.0192717  	1.27947e-009	
7.7875     	2.03325e-010	1.13724e-010	8.73589e-018	-6.67587e-018	-4.30278e-018	-1.59256e-010	-0.052096  	0.0190674  	1.28283e-009	
7.83125    	2.00671e-010	1.12363e-010	8.47809e-018	-6.59404e-018	-4.15533e-018	-1.58866e-010	-0.0512985 	0.018849   	1.28593e-009	
7.875      	1.98023e-010	1.10727e-010	8.14259e-018	-6.52986e-018	-4.40694e-018	-1.57914e-010	-0.0504992 	0.0186144  	1.2907e-009	
7.91875    	1.95392e-010	1.08005e-010	8.09697e-018	-6.51386e-018	-4.84593e-018	-1.57429e-010	-0.049699  	0.0183675  	1.29686e-009	
7.9625     	1.92768e-010	1.04357e-010	8.43587e-018	-6.53276e-018	-5.08703e-018	-1.58077e-010	-0.048899  	0.0181146  	1.30217e-009	
8.00625    	1.90133e-010	1.0076e-010	8.88957e-018	-6.54181e-018	-4.94261e-018	-1.59502e-010	-0.0480998 	0.0178586  	1.30472e-009	
8.05       	1.87475e-010	9.80806e-011	9.08342e-018	-6.50754e-018	-4.60031e-018	-1.60661e-010	-0.0473024 	0.017597   	1.30491e-009	
8.09375    	1.84797e-010	9.62481e-011	8.8972e-018	-6.43935e-018	-4.43527e-018	-1.60822e-010	-0.0465072 	0.0173248  	1.30505e-009	
8.1375     	1.82117e-010	9.43497e-011	8.57667e-018	-6.37939e-018	-4.6399e-018	-1.6025e-010	-0.0457149 	0.0170405  	1.30707e-009	
8.18125    	1.79446e-010	9.15337e-011	8.4897e-018	-6.36099e-018	-5.03253e-018	-1.59928e-010	-0.0449264 	0.016748   	1.31063e-009	
8.225      	1.7678e-010	8.78446e-011	8.76429e-018	-6.37617e-018	-5.23167e-018	-1.6059e-010	-0.0441424 	0.0164537  	1.31345e-009	
8.26875    	1.74104e-010	8.41778e-011	9.16086e-018	-6.38377e-018	-5.02657e-018	-1.62002e-010	-0.0433634 	0.0161603  	1.31369e-009	
8.3125     	1.71404e-010	8.14076e-011	9.30339e-018	-6.34981e-018	-4.58262e-018	-1.63196e-010	-0.04259   	0.0158653  	1.31174e-009	
8.35625    	1.68684e-010	7.9542e-011	9.0448e-018	-6.2806e-018	-4.28079e-018	-1.63407e-010	-0.0418227 	0.0155638  	1.30988e-009	
8.4        	1.6596e-010	7.77264e-011	8.61074e-018	-6.21646e-018	-4.34757e-018	-1.62811e-010	-0.0410618 	0.0152547  	1.30989e-009	
8.44375    	1.63247e-010	7.50863e-011	8.38129e-018	-6.19217e-018	-4.63665e-018	-1.62343e-010	-0.040308  	0.014942   	1.31127e-009	
8.4875     	1.60541e-010	7.15837e-011	8.52299e-018	-6.20322e-018	-4.77574e-018	-1.62776e-010	-0.0395617 	0.0146317  	1.31172e-009	
8.53125    	1.57828e-010	6.80518e-011	8.82986e-018	-6.21044e-018	-4.53468e-018	-1.63968e-010	-0.0388234 	0.0143261  	1.30943e-009	
8.575      	1.55095e-010	6.53821e-011	8.92837e-018	-6.17833e-018	-4.05421e-018	-1.65003e-010	-0.0380934 	0.0140223  	1.30491e-009	
8.61875    	1.52345e-010	6.36613e-011	8.6461e-018	-6.10945e-018	-3.71073e-018	-1.65081e-010	-0.0373719 	0.0137156  	1.30047e-009	
8.6625     	1.49594e-010	6.21012e-011	8.18334e-018	-6.04126e-018	-3.74904e-018	-1.6429e-010	-0.0366592 	0.0134051  	1.29784e-009	
8.70625    	1.46856e-010	5.9823e-011	7.91935e-018	-6.00885e-018	-4.04303e-018	-1.63506e-010	-0.0359556 	0.0130946  	1.29648e-009	
8.75       	1.44131e-010	5.67242e-011	8.04239e-018	-6.01026e-018	-4.21931e-018	-1.63525e-010	-0.0352615 	0.0127897  	1.2941e-009	
8.79375    	1.41405e-010	5.35799e-011	8.3656e-018	-6.00828e-018	-4.02283e-018	-1.64279e-010	-0.0345771 	0.0124924  	1.28905e-009	
8.8375     	1.38667e-010	5.12846e-011	8.50947e-018	-5.96678e-018	-3.56595e-018	-1.64905e-010	-0.0339026 	0.0121995  	1.28201e-009	
8.88125    	1.35919e-010	4.99826e-011	8.27252e-018	-5.88582e-018	-3.21622e-018	-1.64588e-010	-0.0332379 	0.0119063  	1.27532e-009	
8.925      	1.33176e-010	4.89373e-011	7.82721e-018	-5.80106e-018	-3.23333e-018	-1.63349e-010	-0.0325833 	0.011612   	1.27066e-009	
8.96875    	1.30453e-010	4.72622e-011	7.54888e-018	-5.74847e-018	-3.51218e-018	-1.62019e-010	-0.0319389 	0.0113205  	1.26734e-009	
9.0125     	1.27753e-010	4.47922e-011	7.64563e-018	-5.729e-018	-3.68513e-018	-1.61415e-010	-0.031305  	0.0110371  	1.26308e-009	
9.05625    	1.25063e-010	4.22398e-011	7.95257e-018	-5.70803e-018	-3.48326e-018	-1.61544e-010	-0.0306816 	0.0107632  	1.2563e-009	
9.1        	1.2237e-010	4.04892e-011	8.09289e-018	-5.64967e-018	-3.00098e-018	-1.61602e-010	-0.0300686 	0.0104954  	1.24776e-009	
9.14375    	1.19677e-010	3.97274e-011	7.84777e-018	-5.55217e-018	-2.60343e-018	-1.60768e-010	-0.0294661 	0.0102291  	1.23979e-009	
9.1875     	1.16998e-010	3.92647e-011	7.37168e-018	-5.44954e-018	-2.56764e-018	-1.59013e-010	-0.0288741 	0.00996344 	1.23393e-009	
9.23125    	1.14347e-010	3.82169e-011	7.04116e-018	-5.37799e-018	-2.811e-018	-1.57122e-010	-0.0282925 	0.00970246 	1.22935e-009	
9.275      	1.11729e-010	3.63726e-011	7.0855e-018	-5.34051e-018	-2.97461e-018	-1.55921e-010	-0.0277216 	0.00945096 	1.22372e-009	
9.31875    	1.0913e-010	3.43929e-011	7.36273e-018	-5.30433e-018	-2.77906e-018	-1.55472e-010	-0.0271612 	0.00920986 	1.21555e-009	
9.3625     	1.06539e-010	3.31522e-011	7.50119e-018	-5.23355e-018	-2.30155e-018	-1.55021e-010	-0.0266113 	0.00897543 	1.20573e-009	
9.40625    	1.03955e-010	3.28754e-011	7.26724e-018	-5.12453e-018	-1.9004e-018	-1.53745e-010	-0.0260717 	0.00874314 	1.1966e-009	
9.45       	1.01393e-010	3.29204e-011	6.79661e-018	-5.00928e-018	-1.86175e-018	-1.51566e-010	-0.0255423 	0.00851238 	1.1896e-009	
9.49375    	9.88666e-011	3.24157e-011	6.46115e-018	-4.92366e-018	-2.11737e-018	-1.49222e-010	-0.0250231 	0.00828704 	1.18378e-009	
9.5375     	9.63796e-011	3.11176e-011	6.50254e-018	-4.87202e-018	-2.31257e-018	-1.47538e-010	-0.0245142 	0.00807157 	1.17683e-009	
9.58125    	9.39206e-011	2.9643e-011	6.79411e-018	-4.82325e-018	-2.15683e-018	-1.46617e-010	-0.0240154 	0.00786647 	1.1674e-009	
9.625      	9.1477e-011	2.88513e-011	6.96604e-018	-4.74175e-018	-1.71037e-018	-1.4575e-010	-0.0235266 	0.00766778 	1.15651e-009	
9.66875    	8.90478e-011	2.89936e-011	6.77012e-018	-4.6227e-018	-1.32321e-018	-1.4412e-010	-0.0230475 	0.0074711  	1.14653e-009	
9.7125     	8.66458e-011	2.94669e-011	6.3239e-018	-4.49661e-018	-1.28743e-018	-1.41613e-010	-0.022578  	0.00727605 	1.13878e-009	
9.75625    	8.42856e-011	2.94136e-011	5.99312e-018	-4.39905e-018	-1.5473e-018	-1.38927e-010	-0.0221182 	0.00708652 	1.13218e-009	
9.8        	8.19701e-011	2.85655e-011	6.02907e-018	-4.33564e-018	-1.75453e-018	-1.36881e-010	-0.0216679 	0.00690667 	1.12441e-009	
9.84375    	7.96888e-011	2.74997e-011	6.31956e-018	-4.2769e-018	-1.61346e-018	-1.35613e-010	-0.021227  	0.00673659 	1.11425e-009	
9.8875     	7.74286e-011	2.70568e-011	6.49998e-018	-4.18793e-018	-1.17392e-018	-1.34452e-010	-0.0207953 	0.00657216 	1.10283e-009	
9.93125    	7.51877e-011	2.75045e-011	6.3142e-018	-4.06312e-018	-7.81236e-019	-1.32595e-010	-0.0203725 	0.00640918 	1.0925e-009	
9.975      	7.29778e-011	2.82736e-011	5.86784e-018	-3.93171e-018	-7.33418e-019	-1.29902e-010	-0.0199586 	0.00624751 	1.08443e-009	
10.0188    	7.08127e-011	2.85242e-011	5.52323e-018	-3.8287e-018	-9.86e-019 	-1.27033e-010	-0.0195534 	0.00609107 	1.07742e-009	
10.0625    	6.86955e-011	2.79746e-011	5.54046e-018	-3.76038e-018	-1.19742e-018	-1.24795e-010	-0.0191569 	0.0059437  	1.06913e-009	
10.1062    	6.66156e-011	2.71714e-011	5.82033e-018	-3.69848e-018	-1.06942e-018	-1.23348e-010	-0.0187689 	0.00580511 	1.05847e-009	
10.15      	6.45598e-011	2.6938e-011	6.00396e-018	-3.60862e-018	-6.43781e-019	-1.22056e-010	-0.0183892 	0.0056711  	1.0467e-009	
10.1937    	6.25255e-011	2.75537e-011	5.82976e-018	-3.48455e-018	-2.60582e-019	-1.20124e-010	-0.0180176 	0.00553766 	1.03616e-009	
10.2375    	6.05235e-011	2.84788e-011	5.39321e-018	-3.35422e-018	-2.19756e-019	-1.17394e-010	-0.0176538 	0.00540493 	1.02788e-009	
10.2812    	5.85669e-011	2.88939e-011	5.05178e-018	-3.25188e-018	-4.83009e-019	-1.14492e-010	-0.0172979 	0.00527685 	1.02054e-009	
10.325     	5.66587e-011	2.8512e-011	5.06969e-018	-3.18408e-018	-7.12558e-019	-1.1221e-010	-0.0169498 	0.00515698 	1.01182e-009	
10.3687    	5.47885e-011	2.7856e-011	5.35574e-018	-3.12349e-018	-6.07726e-019	-1.10721e-010	-0.0166092 	0.0050447  	1.0008e-009	
10.4125    	5.29432e-011	2.77313e-011	5.5545e-018	-3.03637e-018	-2.03938e-019	-1.09415e-010	-0.0162761 	0.00493574 	9.88849e-010	
10.4563    	5.11196e-011	2.84217e-011	5.39982e-018	-2.91619e-018	1.63567e-019	-1.07513e-010	-0.01595   	0.00482636 	9.78295e-010	
10.5       	4.93277e-011	2.94103e-011	4.97896e-018	-2.79e-018 	1.94669e-019	-1.04842e-010	-0.015631  	0.00471701 	9.70021e-010	
10.5437    	4.75803e-011	2.98968e-011	4.64471e-018	-2.69132e-018	-7.62678e-020	-1.02005e-010	-0.0153188 	0.00461166 	9.62591e-010	
10.5875    	4.58803e-011	2.95931e-011	4.66359e-018	-2.62687e-018	-3.15007e-019	-9.9776e-011	-0.0150136 	0.00451359 	9.53721e-010	
10.6312    	4.42173e-011	2.90029e-011	4.95043e-018	-2.57016e-018	-2.21118e-019	-9.83357e-011	-0.0147151 	0.00442191 	9.42613e-010	
10.675     	4.25784e-011	2.89131e-011	5.15362e-018	-2.48819e-018	1.72485e-019	-9.70979e-011	-0.014423  	0.00433232 	9.30775e-010	
10.7188    	4.09601e-011	2.96068e-011	5.00565e-018	-2.37444e-018	5.32978e-019	-9.52993e-011	-0.0141372 	0.00424137 	9.2048e-010	
10.7625    	3.93718e-011	3.0584e-011	4.58941e-018	-2.25523e-018	5.60261e-019	-9.27614e-011	-0.0138575 	0.00414982 	9.12452e-010	
10.8062    	3.78258e-011	3.10636e-011	4.25505e-018	-2.16335e-018	2.86359e-019	-9.00643e-011	-0.013584  	0.00406168 	9.05134e-010	
10.85      	3.63247e-011	3.07613e-011	4.27059e-018	-2.10539e-018	4.26573e-020	-8.79661e-011	-0.0133165 	0.00397996 	8.9628e-010	
10.8938    	3.48586e-011	3.01671e-011	4.55506e-018	-2.05544e-018	1.28134e-019	-8.66496e-011	-0.0130548 	0.00390347 	8.85249e-010	
10.9375    	3.34144e-011	3.00506e-011	4.7601e-018	-1.9812e-018	5.10454e-019	-8.55459e-011	-0.0127989 	0.00382794 	8.73658e-010	
10.9812    	3.19887e-011	3.06906e-011	4.61819e-018	-1.87626e-018	8.58668e-019	-8.39075e-011	-0.0125484 	0.00375024 	8.63731e-010	
11.025     	3.05902e-011	3.16006e-011	4.20971e-018	-1.76632e-018	8.74463e-019	-8.15539e-011	-0.0123032 	0.00367142 	8.5603e-010	
11.0688    	2.9231e-011	3.20182e-011	3.88227e-018	-1.68336e-018	5.90403e-019	-7.90477e-011	-0.0120634 	0.00359551 	8.4889e-010	
11.1125    	2.79135e-011	3.16669e-011	3.90324e-018	-1.63366e-018	3.36878e-019	-7.71298e-011	-0.0118289 	0.00352524 	8.40123e-010	
11.1562    	2.6628e-011	3.10271e-011	4.19287e-018	-1.59175e-018	4.11174e-019	-7.59804e-011	-0.0115996 	0.00345918 	8.29255e-010	
11.2       	2.53617e-011	3.08515e-011	4.40447e-018	-1.52601e-018	7.80141e-019	-7.50444e-011	-0.0113752 	0.0033931  	8.18012e-010	
11.2437    	2.41109e-011	3.14112e-011	4.27115e-018	-1.43036e-018	1.11401e-018	-7.35899e-011	-0.0111555 	0.00332418 	8.08553e-010	
11.2875    	2.28844e-011	3.22287e-011	3.87237e-018	-1.33009e-018	1.11715e-018	-7.14392e-011	-0.0109406 	0.00325381 	8.01276e-010	
11.3312    	2.16938e-011	3.25592e-011	3.55381e-018	-1.25642e-018	8.24272e-019	-6.91418e-011	-0.0107303 	0.003186   	7.94412e-010	
11.375     	2.05414e-011	3.21361e-011	3.58116e-018	-1.21522e-018	5.6532e-019	-6.74217e-011	-0.0105247 	0.00312321 	7.85842e-010	
11.4187    	1.94177e-011	3.14335e-011	3.87432e-018	-1.18136e-018	6.3464e-019	-6.64541e-011	-0.0103236 	0.00306378 	7.7526e-010	
11.4625    	1.83102e-011	3.11873e-011	4.08794e-018	-1.12399e-018	9.96111e-019	-6.56945e-011	-0.0101268 	0.00300352 	7.64483e-010	
11.5062    	1.72152e-011	3.16578e-011	3.95729e-018	-1.03747e-018	1.31981e-018	-6.44271e-011	-0.00993413	0.00293999 	7.55596e-010	
11.55      	1.61415e-011	3.23731e-011	3.56315e-018	-9.46817e-019	1.31312e-018	-6.248e-011	-0.00974559	0.00287485 	7.48818e-010	
11.5938    	1.51001e-011	3.26055e-011	3.25044e-018	-8.82484e-019	1.01406e-018	-6.03932e-011	-0.00956116	0.00281209 	7.42287e-010	
11.6375    	1.40936e-011	3.21008e-011	3.28259e-018	-8.49838e-019	7.52709e-019	-5.88741e-011	-0.00938079	0.0027539  	7.33964e-010	
11.6812    	1.31123e-011	3.13292e-011	3.57782e-018	-8.23932e-019	8.19695e-019	-5.80898e-011	-0.00920436	0.00269836 	7.23713e-010	
11.725     	1.21442e-011	3.10108e-011	3.79157e-018	-7.7466e-019	1.17462e-018	-5.75037e-011	-0.00903169	0.00264142 	7.13439e-010	
11.7688    	1.11858e-011	3.13932e-011	3.66216e-018	-6.96909e-019	1.48695e-018	-5.64153e-011	-0.00886264	0.00258095 	7.05134e-010	
11.8125    	1.02455e-011	3.20076e-011	3.27298e-018	-6.155e-019	1.46808e-018	-5.46616e-011	-0.00869719	0.00251889 	6.98844e-010	
11.8562    	9.3345e-012	3.2143e-011	2.96853e-018	-5.60108e-019	1.16098e-018	-5.27752e-011	-0.00853535	0.00245919 	6.92627e-010	
11.9       	8.45491e-012	3.15594e-011	3.00876e-018	-5.3547e-019	8.96739e-019	-5.14472e-011	-0.00837707	0.00240373 	6.84537e-010	
11.9438    	7.59746e-012	3.0726e-011	3.30852e-018	-5.16761e-019	9.61831e-019	-5.08344e-011	-0.00822223	0.0023504  	6.74616e-010	
11.9875    	6.75022e-012	3.03466e-011	3.52328e-018	-4.74621e-019	1.31056e-018	-5.04053e-011	-0.00807066	0.00229524 	6.64843e-010	
12.0312    	5.91013e-012	3.06545e-011	3.39498e-018	-4.0458e-019	1.61143e-018	-4.94755e-011	-0.00792226	0.00223648 	6.5711e-010	
12.075     	5.08554e-012	3.11818e-011	3.01075e-018	-3.31352e-019	1.58054e-018	-4.78926e-011	-0.00777699	0.0021763  	6.51288e-010	
12.1187    	4.28733e-012	3.12333e-011	2.71502e-018	-2.83849e-019	1.26693e-018	-4.61844e-011	-0.00763489	0.00211858 	6.45363e-010	
12.1625    	3.51759e-012	3.0585e-011	2.76347e-018	-2.66129e-019	1.00294e-018	-4.50259e-011	-0.00749591	0.00206491 	6.37497e-010	
12.2062    	2.76716e-012	2.97061e-011	3.06649e-018	-2.53443e-019	1.07004e-018	-4.4562e-011	-0.00735992	0.00201296 	6.27908e-010	
12.25      	2.02446e-012	2.92846e-011	3.27938e-018	-2.17207e-019	1.41593e-018	-4.42651e-011	-0.00722677	0.00195892 	6.18636e-010	
12.2937    	1.28671e-012	2.95376e-011	3.14873e-018	-1.53671e-019	1.70759e-018	-4.34666e-011	-0.00709637	0.00190136 	6.11458e-010	
12.3375    	5.62263e-013	2.99963e-011	2.76672e-018	-8.75091e-020	1.66642e-018	-4.20271e-011	-0.00696871	0.00184268 	6.06069e-010	
12.3812    	-1.38188e-013	2.99815e-011	2.47816e-018	-4.68542e-020	1.34835e-018	-4.04712e-011	-0.0068438 	0.00178665 	6.00397e-010	
12.425     	-8.12709e-013	2.92862e-011	2.53388e-018	-3.50154e-020	1.08721e-018	-3.94579e-011	-0.0067216 	0.00173455 	5.92724e-010	
12.4688    	-1.47034e-012	2.83809e-011	2.83883e-018	-2.72704e-020	1.15865e-018	-3.91183e-011	-0.00660201	0.00168389 	5.83439e-010	
12.5125    	-2.12231e-012	2.79382e-011	3.048e-018 	4.17652e-021	1.50289e-018	-3.89273e-011	-0.00648486	0.00163099 	5.74636e-010	
12.5562    	-2.7711e-012	2.81569e-011	2.9134e-018	6.22954e-020	1.78527e-018	-3.82325e-011	-0.00637008	0.00157474 	5.67964e-010	
12.6       	-3.40831e-012	2.85666e-011	2.53317e-018	1.22423e-019	1.7333e-018	-3.69089e-011	-0.00625766	0.00151775 	5.62946e-010	
12.6438    	-4.02346e-012	2.8504e-011	2.2526e-018	1.57228e-019	1.41084e-018	-3.54794e-011	-0.00614763	0.00146367 	5.57466e-010	
12.6875    	-4.61478e-012	2.77805e-011	2.31668e-018	1.64213e-019	1.15347e-018	-3.45866e-011	-0.00603995	0.00141344 	5.49938e-010	
12.7312    	-5.19123e-012	2.68691e-011	2.62394e-018	1.68107e-019	1.23037e-018	-3.43465e-011	-0.00593449	0.00136442 	5.40923e-010	
12.775     	-5.76367e-012	2.64261e-011	2.82881e-018	1.9589e-019	1.57351e-018	-3.4235e-011	-0.00583113	0.00131309 	5.32551e-010	
12.8188    	-6.33425e-012	2.66315e-011	2.68945e-018	2.49695e-019	1.84653e-018	-3.36169e-011	-0.00572978	0.00125866 	5.26338e-010	
12.8625    	-6.89453e-012	2.70118e-011	2.31079e-018	3.04832e-019	1.78388e-018	-3.23827e-011	-0.00563045	0.00120391 	5.21635e-010	
12.9062    	-7.43424e-012	2.692e-011 	2.03857e-018	3.34792e-019	1.45812e-018	-3.10549e-011	-0.00553317	0.00115233 	5.16299e-010	
12.95      	-7.95183e-012	2.61868e-011	2.11119e-018	3.3793e-019	1.20653e-018	-3.02593e-011	-0.00543789	0.00110456 	5.08884e-010	
12.9937    	-8.45615e-012	2.52885e-011	2.41994e-018	3.38998e-019	1.29101e-018	-3.00955e-011	-0.0053445 	0.00105779 	5.00119e-010	
13.0375    	-8.95774e-012	2.48648e-011	2.61877e-018	3.64123e-019	1.6344e-018	-3.00398e-011	-0.00525286	0.00100867 	4.92157e-010	
13.0812    	-9.4584e-012	2.50753e-011	2.47285e-018	4.1454e-019	1.89863e-018	-2.94741e-011	-0.00516292	0.000956753	4.86367e-010	
13.125     	-9.94964e-012	2.54428e-011	2.09474e-018	4.65513e-019	1.82575e-018	-2.83063e-011	-0.00507468	0.000904945	4.81937e-010	
13.1687    	-1.04214e-011	2.53366e-011	1.8307e-018	4.91385e-019	1.49773e-018	-2.70595e-011	-0.00498818	0.000856546	4.76707e-010	
13.2125    	-1.08724e-011	2.46083e-011	1.91178e-018	4.91413e-019	1.25344e-018	-2.63421e-011	-0.00490336	0.000811893	4.69383e-010	
13.2562    	-1.13114e-011	2.3738e-011	2.22136e-018	4.90391e-019	1.34671e-018	-2.62364e-011	-0.00482011	0.000768051	4.60855e-010	
13.3       	-1.17487e-011	2.33482e-011	2.41303e-018	5.13569e-019	1.69059e-018	-2.62182e-011	-0.00473831	0.000721853	4.53284e-010	
13.3438    	-1.21857e-011	2.35774e-011	2.25971e-018	5.6125e-019	1.94545e-018	-2.56869e-011	-0.00465791	0.000673151	4.47885e-010	
13.3875    	-1.26138e-011	2.39439e-011	1.88228e-018	6.08642e-019	1.86176e-018	-2.45689e-011	-0.00457892	0.000624966	4.43688e-010	
13.4312    	-1.30233e-011	2.38342e-011	1.62734e-018	6.30969e-019	1.53156e-018	-2.3388e-011	-0.00450138	0.000580398	4.38535e-010	
13.475     	-1.34131e-011	2.31211e-011	1.71776e-018	6.28431e-019	1.29518e-018	-2.27353e-011	-0.00442523	0.000539475	4.31289e-010	
13.5188    	-1.3792e-011	2.22891e-011	2.02834e-018	6.25868e-019	1.39767e-018	-2.26744e-011	-0.00435036	0.000499158	4.22996e-010	
13.5625    	-1.41699e-011	2.19433e-011	2.21241e-018	6.47624e-019	1.74174e-018	-2.26802e-011	-0.00427666	0.000456476	4.15807e-010	
13.6062    	-1.45479e-011	2.22e-011  	2.05145e-018	6.93035e-019	1.98644e-018	-2.21702e-011	-0.00420408	0.000411578	4.10779e-010	
13.65      	-1.49174e-011	2.25728e-011	1.67516e-018	7.37252e-019	1.89144e-018	-2.109e-011	-0.00413267	0.000367567	4.06793e-010	
13.6938    	-1.52689e-011	2.24658e-011	1.43023e-018	7.56412e-019	1.5594e-018	-1.99649e-011	-0.00406244	0.000327327	4.01704e-010	
13.7375    	-1.56017e-011	2.17741e-011	1.53061e-018	7.51686e-019	1.33185e-018	-1.9368e-011	-0.00399334	0.000290588	3.94541e-010	
13.7812    	-1.59245e-011	2.09865e-011	1.84199e-018	7.47961e-019	1.44421e-018	-1.93434e-011	-0.00392526	0.000254227	3.86495e-010	
13.825     	-1.62468e-011	2.06903e-011	2.01771e-018	7.68639e-019	1.78836e-018	-1.93648e-011	-0.0038581 	0.000215489	3.79697e-010	
13.8688    	-1.65696e-011	2.09789e-011	1.84859e-018	8.12067e-019	2.0223e-018	-1.88682e-011	-0.00379184	0.000174802	3.75034e-010	
13.9125    	-1.68841e-011	2.13613e-011	1.47367e-018	8.53343e-019	1.91566e-018	-1.78192e-011	-0.0037265 	0.000135329	3.71247e-010	
13.9562    	-1.7181e-011	2.12594e-011	1.23948e-018	8.69548e-019	1.58211e-018	-1.67445e-011	-0.00366212	9.97223e-005	3.66223e-010	
14         	-1.74601e-011	2.05912e-011	1.3503e-018	8.62841e-019	1.36406e-018	-1.61988e-011	-0.00359864	6.74221e-005	3.59159e-010	
14.0437    	-1.77301e-011	1.985e-011 	1.66229e-018	8.58147e-019	1.48655e-018	-1.62061e-011	-0.00353596	3.52511e-005	3.51382e-010	
14.0875    	-1.80002e-011	1.96044e-011	1.82914e-018	8.77901e-019	1.83023e-018	-1.62388e-011	-0.00347398	6.78922e-007	3.44986e-010	
14.1312    	-1.82709e-011	1.99251e-011	1.65174e-018	9.19445e-019	2.05241e-018	-1.5752e-011	-0.0034127 	-3.55951e-005	3.40687e-010	
14.175     	-1.85334e-011	2.0316e-011	1.27888e-018	9.57846e-019	1.93347e-018	-1.47319e-011	-0.00335215	-7.03761e-005	3.37095e-010	
14.2187    	-1.87789e-011	2.02179e-011	1.05655e-018	9.71169e-019	1.59849e-018	-1.37066e-011	-0.00329236	-0.000101254	3.32141e-010	
14.2625    	-1.90074e-011	1.95721e-011	1.17857e-018	9.62581e-019	1.39032e-018	-1.32114e-011	-0.00323328	-0.000129063	3.25197e-010	
14.3062    	-1.92276e-011	1.88763e-011	1.4912e-018	9.5702e-019	1.52291e-018	-1.32498e-011	-0.0031748 	-0.000157012	3.17715e-010	
14.35      	-1.94484e-011	1.868e-011 	1.64887e-018	9.75922e-019	1.86536e-018	-1.32929e-011	-0.00311686	-0.000187394	3.11736e-010	
14.3937    	-1.96699e-011	1.90301e-011	1.46329e-018	1.01561e-018	2.07477e-018	-1.28153e-011	-0.00305945	-0.000219254	3.07802e-010	
14.4375    	-1.98835e-011	1.94263e-011	1.09326e-018	1.05115e-018	1.94303e-018	-1.18242e-011	-0.00300261	-0.000249387	3.04405e-010	
14.4812    	-2.00806e-011	1.93288e-011	8.83803e-019	1.06162e-018	1.60689e-018	-1.08492e-011	-0.00294637	-0.000275633	2.99534e-010	
14.525     	-2.02614e-011	1.87025e-011	1.01756e-018	1.05121e-018	1.40917e-018	-1.04056e-011	-0.00289069	-0.000299085	2.92737e-010	
14.5687    	-2.04348e-011	1.80493e-011	1.33062e-018	1.04483e-018	1.55196e-018	-1.04756e-011	-0.00283546	-0.000322957	2.85578e-010	
14.6125    	-2.06094e-011	1.78989e-011	1.47861e-018	1.0629e-018	1.8926e-018	-1.05294e-011	-0.00278063	-0.000349298	2.80034e-010	
14.6562    	-2.07849e-011	1.82742e-011	1.28478e-018	1.10071e-018	2.08846e-018	-1.00617e-011	-0.0027262 	-0.000376907	2.76468e-010	
14.7       	-2.09526e-011	1.86708e-011	9.18196e-019	1.13336e-018	1.94365e-018	-9.10148e-012	-0.00267222	-0.000402594	2.73267e-010	
14.7437    	-2.11043e-011	1.85693e-011	7.22431e-019	1.14096e-018	1.60679e-018	-8.17907e-012	-0.00261872	-0.000424455	2.68493e-010	
14.7875    	-2.12406e-011	1.79584e-011	8.68239e-019	1.12873e-018	1.42013e-018	-7.78932e-012	-0.00256566	-0.000443823	2.61869e-010	
14.8312    	-2.13704e-011	1.7344e-011	1.18135e-018	1.12156e-018	1.57318e-018	-7.89281e-012	-0.00251294	-0.000463896	2.5506e-010	
14.875     	-2.1502e-011	1.7235e-011	1.31913e-018	1.13878e-018	1.91134e-018	-7.95878e-012	-0.00246051	-0.000486465	2.49963e-010	
14.9187    	-2.16346e-011	1.76301e-011	1.11703e-018	1.17467e-018	2.09286e-018	-7.50309e-012	-0.00240839	-0.000510108	2.46765e-010	
14.9625    	-2.17597e-011	1.80219e-011	7.54546e-019	1.20437e-018	1.93476e-018	-6.57615e-012	-0.00235664	-0.000531667	2.43759e-010	
15.0062    	-2.18693e-011	1.79114e-011	5.73273e-019	1.2091e-018	1.59764e-018	-5.70913e-012	-0.00230528	-0.000549498	2.39093e-010	
15.05      	-2.19644e-011	1.73119e-011	7.31415e-019	1.19508e-018	1.42259e-018	-5.3756e-012	-0.00225428	-0.000565155	2.32666e-010	
15.0937    	-2.2054e-011	1.67322e-011	1.04423e-018	1.18714e-018	1.58587e-018	-5.5143e-012	-0.00220354	-0.000581792	2.26229e-010	
15.1375    	-2.21459e-011	1.66602e-011	1.17132e-018	1.20352e-018	1.9209e-018	-5.59396e-012	-0.00215303	-0.000600943	2.21586e-010	
15.1812    	-2.22392e-011	1.70704e-011	9.61004e-019	1.23746e-018	2.08741e-018	-5.15193e-012	-0.00210277	-0.000620976	2.18751e-010	
15.225     	-2.2325e-011	1.74522e-011	6.03271e-019	1.26421e-018	1.916e-018 	-4.26049e-012	-0.00205282	-0.00063879	2.15935e-010	
15.2687    	-2.23961e-011	1.73284e-011	4.37147e-019	1.26608e-018	1.57925e-018	-3.45101e-012	-0.00200322	-0.000653005	2.11386e-010	
15.3125    	-2.24536e-011	1.67363e-011	6.07672e-019	1.25033e-018	1.41646e-018	-3.17526e-012	-0.00195391	-0.000665374	2.05176e-010	
15.3562    	-2.25065e-011	1.61876e-011	9.19594e-019	1.24167e-018	1.59003e-018	-3.35006e-012	-0.00190483	-0.000678984	1.99127e-010	
15.4       	-2.25623e-011	1.61484e-011	1.03539e-018	1.25721e-018	1.9214e-018	-3.44424e-012	-0.00185593	-0.000695109	1.94942e-010	
15.4437    	-2.26197e-011	1.65688e-011	8.1683e-019	1.28921e-018	2.07244e-018	-3.01715e-012	-0.00180726	-0.000711927	1.9246e-010	
15.4875    	-2.267e-011	1.69362e-011	4.64378e-019	1.31301e-018	1.88792e-018	-2.16297e-012	-0.00175888	-0.000726412	1.89828e-010	
15.5312    	-2.27061e-011	1.67955e-011	3.13884e-019	1.31208e-018	1.55235e-018	-1.41264e-012	-0.00171082	-0.000737447	1.85401e-010	
15.575     	-2.27296e-011	1.62083e-011	4.96646e-019	1.29469e-018	1.40253e-018	-1.19556e-012	-0.00166303	-0.000746964	1.79423e-010	
15.6187    	-2.27495e-011	1.56879e-011	8.06973e-019	1.2854e-018	1.58639e-018	-1.40666e-012	-0.00161544	-0.000757963	1.73775e-010	
15.6625    	-2.2773e-011	1.56781e-011	9.1085e-019	1.30015e-018	1.91353e-018	-1.51538e-012	-0.00156804	-0.000771455	1.70042e-010	
15.7062    	-2.27982e-011	1.61049e-011	6.84049e-019	1.33021e-018	2.04865e-018	-1.10369e-012	-0.00152085	-0.000785446	1.67898e-010	
15.75      	-2.28166e-011	1.64543e-011	3.37427e-019	1.3511e-018	1.8513e-018	-2.87502e-013	-0.00147396	-0.000797008	1.65438e-010	
15.7937    	-2.28214e-011	1.62938e-011	2.02993e-019	1.34747e-018	1.51773e-018	4.03286e-013	-0.00142739	-0.000805284	1.61136e-010	
15.8375    	-2.28147e-011	1.57092e-011	3.97769e-019	1.32855e-018	1.38156e-018	5.62158e-013	-0.00138108	-0.000812364	1.55402e-010	
15.8812    	-2.28053e-011	1.52149e-011	7.05767e-019	1.31871e-018	1.57567e-018	3.15861e-013	-0.00133498	-0.000821142	1.50158e-010	
15.925     	-2.28001e-011	1.52317e-011	7.97143e-019	1.33272e-018	1.89803e-018	1.93514e-013	-0.00128907	-0.000832366	1.46869e-010	
15.9687    	-2.27968e-011	1.56617e-011	5.6219e-019	1.36089e-018	2.01691e-018	5.90036e-013	-0.0012434 	-0.000843894	1.45044e-010	
16.0125    	-2.2787e-011	1.59905e-011	2.21959e-019	1.37896e-018	1.80713e-018	1.36802e-012	-0.00119804	-0.00085291	1.42742e-010	
16.0562    	-2.27642e-011	1.58088e-011	1.03932e-019	1.37275e-018	1.47648e-018	1.99946e-012	-0.00115301	-0.000858814	1.38564e-010	
16.1       	-2.27309e-011	1.52262e-011	3.10367e-019	1.35246e-018	1.35461e-018	2.10131e-012	-0.00110827	-0.000863835	1.33081e-010	
16.1437    	-2.26959e-011	1.47572e-011	6.15198e-019	1.34221e-018	1.55889e-018	1.82176e-012	-0.00106375	-0.000870743	1.28243e-010	
16.1875    	-2.26655e-011	1.47989e-011	6.93463e-019	1.35559e-018	1.87592e-018	1.68767e-012	-0.00101945	-0.000880027	1.25384e-010	
16.2312    	-2.26374e-011	1.523e-011 	4.50444e-019	1.38194e-018	1.97831e-018	2.07029e-012	-0.00097542	-0.000889416	1.23856e-010	
16.275     	-2.26029e-011	1.55364e-011	1.17134e-019	1.39729e-018	1.75664e-018	2.81099e-012	-0.000931735	-0.000896221	1.21696e-010	
16.3187    	-2.2556e-011	1.5333e-011	1.57764e-020	1.38866e-018	1.42988e-018	3.38447e-012	-0.000888406	-0.000900096	1.17641e-010	
16.3625    	-2.24996e-011	1.47525e-011	2.33427e-019	1.36718e-018	1.32294e-018	3.43167e-012	-0.000845386	-0.000903386	1.12414e-010	
16.4062    	-2.24424e-011	1.43085e-011	5.34232e-019	1.35667e-018	1.53724e-018	3.12185e-012	-0.000802621	-0.000908721	1.0798e-010	
16.45      	-2.23904e-011	1.43738e-011	5.98832e-019	1.36951e-018	1.84834e-018	2.97872e-012	-0.000760113	-0.000916339	1.05534e-010	
16.4937    	-2.23407e-011	1.48043e-011	3.4791e-019	1.39412e-018	1.93403e-018	3.3493e-012	-0.00071792	-0.000923858	1.04278e-010	
16.5375    	-2.22849e-011	1.50872e-011	2.20801e-020	1.40686e-018	1.70102e-018	4.05409e-012	-0.000676107	-0.000928736	1.02244e-010	
16.5812    	-2.22173e-011	1.48622e-011	-6.23808e-020	1.39598e-018	1.37909e-018	4.57136e-012	-0.000634683	-0.000930873	9.83083e-011	
16.625     	-2.21412e-011	1.42846e-011	1.66002e-019	1.3735e-018	1.28763e-018	4.56653e-012	-0.000593602	-0.000932709	9.33398e-011	
16.6687    	-2.2065e-011	1.3866e-011	4.61944e-019	1.3629e-018	1.5117e-018	4.22956e-012	-0.000552812	-0.000936721	8.93038e-011	
16.7125    	-2.19946e-011	1.39546e-011	5.12418e-019	1.37531e-018	1.81628e-018	4.08023e-012	-0.000512321	-0.000942899	8.72504e-011	
16.7563    	-2.19265e-011	1.43835e-011	2.53856e-019	1.39829e-018	1.88508e-018	4.44096e-012	-0.000472189	-0.000948777	8.62418e-011	
16.8       	-2.18525e-011	1.46427e-011	-6.39108e-020	1.40856e-018	1.64134e-018	5.11183e-012	-0.00043248	-0.000951969	8.43166e-011	
16.8438    	-2.17673e-011	1.43966e-011	-1.31308e-019	1.39561e-018	1.3252e-018	5.57555e-012	-0.000393196	-0.000952612	8.0498e-011	
16.8875    	-2.16744e-011	1.3823e-011	1.07241e-019	1.37233e-018	1.24967e-018	5.52227e-012	-0.000354289	-0.000953219	7.57896e-011	
16.9312    	-2.15824e-011	1.34304e-011	3.97463e-019	1.36179e-018	1.48317e-018	5.162e-012 	-0.000315711	-0.000956103	7.21436e-011	
16.975     	-2.14963e-011	1.35417e-011	4.3341e-019	1.37388e-018	1.78057e-018	5.00963e-012	-0.000277475	-0.000961019	7.04617e-011	
17.0187    	-2.14128e-011	1.39685e-011	1.67549e-019	1.39533e-018	1.83237e-018	5.36268e-012	-0.000239643	-0.000965434	6.96751e-011	
17.0625    	-2.13235e-011	1.42041e-011	-1.41543e-019	1.40327e-018	1.57859e-018	6.00151e-012	-0.000202274	-0.00096713	6.78428e-011	
17.1062    	-2.12234e-011	1.39383e-011	-1.91749e-019	1.38845e-018	1.26919e-018	6.41425e-012	-0.000165365	-0.000966475	6.41382e-011	
17.15      	-2.11165e-011	1.33703e-011	5.63463e-020	1.36457e-018	1.21e-018  	6.31615e-012	-0.000128866	-0.000966034	5.96906e-011	
17.1937    	-2.10113e-011	1.30046e-011	3.39984e-019	1.35425e-018	1.4525e-018	5.9366e-012	-9.27329e-005	-0.000967944	5.64254e-011	
17.2375    	-2.09123e-011	1.31386e-011	3.61056e-019	1.36612e-018	1.74206e-018	5.78457e-012	-5.69816e-005	-0.000971735	5.50927e-011	
17.2812    	-2.08159e-011	1.35625e-011	8.82988e-020	1.38612e-018	1.77675e-018	6.13232e-012	-2.16759e-005	-0.000974829	5.45031e-011	
17.325     	-2.07137e-011	1.37746e-011	-2.11497e-019	1.39187e-018	1.51363e-018	6.74119e-012	1.31317e-005	-0.000975188	5.27489e-011	
17.3687    	-2.06014e-011	1.34903e-011	-2.44429e-019	1.37537e-018	1.21188e-018	7.10572e-012	4.74479e-005	-0.000973397	4.91558e-011	
17.4125    	-2.04829e-011	1.29296e-011	1.25607e-020	1.35107e-018	1.16933e-018	6.96646e-012	8.1326e-005	-0.000972055	4.49689e-011	
17.4562    	-2.03668e-011	1.25916e-011	2.88792e-019	1.34111e-018	1.42032e-018	6.57141e-012	0.000114806	-0.000973112	4.20741e-011	
17.5       	-2.02573e-011	1.2748e-011	2.94748e-019	1.35286e-018	1.70135e-018	6.4226e-012	0.000147869	-0.000975887	4.10679e-011	
17.5437    	-2.01503e-011	1.31688e-011	1.56018e-020	1.37151e-018	1.71887e-018	6.76685e-012	0.000180451	-0.000977776	4.06511e-011	
17.5875    	-2.00375e-011	1.33581e-011	-2.74242e-019	1.37521e-018	1.44716e-018	7.34735e-012	0.000212506	-0.000976929	3.89613e-011	
17.6313    	-1.9915e-011	1.30571e-011	-2.89853e-019	1.35723e-018	1.15394e-018	7.66615e-012	0.000244045	-0.000974137	3.54782e-011	
17.675     	-1.97872e-011	1.25057e-011	-2.46741e-020	1.33271e-018	1.12823e-018	7.48943e-012	0.000275123	-0.000972013	3.15513e-011	
17.7188    	-1.96624e-011	1.21964e-011	2.4332e-019	1.32325e-018	1.38711e-018	7.08292e-012	0.000305779	-0.000972318	2.90153e-011	
17.7625    	-1.95444e-011	1.23748e-011	2.33963e-019	1.33494e-018	1.65887e-018	6.94054e-012	0.000335988	-0.000974166	2.83128e-011	
17.8062    	-1.94287e-011	1.27917e-011	-5.102e-020	1.35232e-018	1.6592e-018	7.28339e-012	0.00036569 	-0.00097495	2.80458e-011	
17.85      	-1.93073e-011	1.29582e-011	-3.30261e-019	1.35409e-018	1.37969e-018	7.83732e-012	0.000394841	-0.000973011	2.64086e-011	
17.8937    	-1.91767e-011	1.26419e-011	-3.28554e-019	1.33479e-018	1.09587e-018	8.11295e-012	0.000423461	-0.000969335	2.30349e-011	
17.9375    	-1.90415e-011	1.21012e-011	-5.59244e-020	1.31022e-018	1.08715e-018	7.90222e-012	0.000451606	-0.000966532	1.93674e-011	
17.9813    	-1.89098e-011	1.18211e-011	2.03033e-019	1.30136e-018	1.35326e-018	7.48768e-012	0.00047931 	-0.000966164	1.71783e-011	
18.025     	-1.8785e-011	1.20209e-011	1.78251e-019	1.31307e-018	1.61505e-018	7.35412e-012	0.000506547	-0.000967161	1.67569e-011	
18.0687    	-1.86624e-011	1.24331e-011	-1.11945e-019	1.32922e-018	1.59823e-018	7.69675e-012	0.000533257	-0.000966927	1.66177e-011	
18.1125    	-1.85341e-011	1.25771e-011	-3.79923e-019	1.32918e-018	1.31174e-018	8.22502e-012	0.000559404	-0.000964001	1.50227e-011	
18.1562    	-1.8397e-011	1.22469e-011	-3.60946e-019	1.30873e-018	1.03818e-018	8.45929e-012	0.000585011	-0.00095955	1.17582e-011	
18.2       	-1.82561e-011	1.17187e-011	-8.16499e-020	1.28428e-018	1.04651e-018	8.21747e-012	0.000610137	-0.00095616	8.34861e-012	
18.2437    	-1.81191e-011	1.14685e-011	1.67476e-019	1.27614e-018	1.31912e-018	7.79808e-012	0.000634812	-0.000955196	6.49363e-012	
18.2875    	-1.79891e-011	1.1689e-011	1.27199e-019	1.2879e-018	1.57018e-018	7.67565e-012	0.000659008	-0.000955412	6.33088e-012	
18.3312    	-1.78612e-011	1.20956e-011	-1.67549e-019	1.30288e-018	1.53626e-018	8.01933e-012	0.000682666	-0.000954242	6.29898e-012	
18.375     	-1.77276e-011	1.2217e-011	-4.23612e-019	1.30112e-018	1.24362e-018	8.52308e-012	0.000705757	-0.000950429	4.73729e-012	
18.4187    	-1.75855e-011	1.1874e-011	-3.87445e-019	1.27967e-018	9.81107e-019	8.71794e-012	0.000728309	-0.0009453 	1.58259e-012	
18.4625    	-1.74402e-011	1.13594e-011	-1.02265e-019	1.25547e-018	1.00649e-018	8.44786e-012	0.00075038 	-0.000941407	-1.57088e-012	
18.5063    	-1.72994e-011	1.11393e-011	1.36291e-019	1.24812e-018	1.28484e-018	8.02638e-012	0.000771999	-0.000939911	-3.10502e-012	
18.55      	-1.71656e-011	1.13797e-011	8.05329e-020	1.25997e-018	1.5245e-018	7.91682e-012	0.000793134	-0.00093941	-3.03139e-012	
18.5938    	-1.70337e-011	1.17796e-011	-2.1807e-019	1.27382e-018	1.47359e-018	8.26229e-012	0.000813731	-0.000937385	-2.97532e-012	
18.6375    	-1.6896e-011	1.18785e-011	-4.61607e-019	1.27045e-018	1.17565e-018	8.74221e-012	0.000833763	-0.000932779	-4.51141e-012	
18.6812    	-1.67503e-011	1.15237e-011	-4.08415e-019	1.24814e-018	9.24959e-019	8.8993e-012	0.000853265	-0.000927072	-7.55539e-012	
18.725     	-1.6602e-011	1.10238e-011	-1.1819e-019	1.22431e-018	9.67319e-019	8.60353e-012	0.000872296	-0.00092276	-1.04548e-011	
18.7687    	-1.64586e-011	1.08337e-011	1.09077e-019	1.21782e-018	1.25061e-018	8.18241e-012	0.000890879	-0.000920801	-1.16817e-011	
18.8125    	-1.63222e-011	1.10927e-011	3.79106e-020	1.22978e-018	1.47819e-018	8.08712e-012	0.000908984	-0.00091965	-1.13931e-011	
18.8563    	-1.61874e-011	1.14848e-011	-2.63812e-019	1.24252e-018	1.41049e-018	8.43481e-012	0.000926555	-0.000916851	-1.12668e-011	
18.9       	-1.60468e-011	1.15611e-011	-4.94237e-019	1.23762e-018	1.10815e-018	8.89145e-012	0.000943574	-0.000911548	-1.27835e-011	
18.9437    	-1.58986e-011	1.11954e-011	-4.24241e-019	1.21456e-018	8.69994e-019	9.01237e-012	0.000960079	-0.000905357	-1.57155e-011	
18.9875    	-1.57484e-011	1.07109e-011	-1.29837e-019	1.19122e-018	9.29168e-019	8.69335e-012	0.000976128	-0.000900705	-1.83637e-011	
19.0312    	-1.56035e-011	1.05503e-011	8.54611e-020	1.18562e-018	1.21655e-018	8.27477e-012	0.000991742	-0.000898347	-1.92975e-011	
19.075     	-1.54656e-011	1.08266e-011	-9.62378e-022	1.19768e-018	1.43141e-018	8.19466e-012	0.00100689 	-0.000896613	-1.88152e-011	
19.1187    	-1.5329e-011	1.12097e-011	-3.05023e-019	1.20935e-018	1.34716e-018	8.54446e-012	0.00102151 	-0.00089312	-1.86355e-011	
19.1625    	-1.51866e-011	1.12635e-011	-5.21767e-019	1.203e-018 	1.04134e-018	8.97792e-012	0.0010356  	-0.000887217	-2.01382e-011	
19.2062    	-1.5037e-011	1.08882e-011	-4.35245e-019	1.17934e-018	8.16392e-019	9.064e-012 	0.00104921 	-0.000880637	-2.29568e-011	
19.25      	-1.48859e-011	1.04201e-011	-1.37554e-019	1.15659e-018	8.92146e-019	8.72417e-012	0.00106237 	-0.000875726	-2.5357e-011	
19.2937    	-1.47405e-011	1.02887e-011	6.51272e-020	1.15193e-018	1.18272e-018	8.31041e-012	0.00107512 	-0.000873038	-2.6012e-011	
19.3375    	-1.4602e-011	1.05807e-011	-3.63435e-020	1.16408e-018	1.38423e-018	8.24665e-012	0.00108742 	-0.00087079	-2.53564e-011	
19.3813    	-1.44646e-011	1.09533e-011	-3.41934e-019	1.17468e-018	1.28374e-018	8.59871e-012	0.00109921 	-0.000866688	-2.51384e-011	
19.425     	-1.43213e-011	1.09843e-011	-5.44464e-019	1.16696e-018	9.75395e-019	9.00923e-012	0.0011105  	-0.000860277	-2.66314e-011	
19.4688    	-1.41711e-011	1.06001e-011	-4.41752e-019	1.1428e-018	7.64312e-019	9.06173e-012	0.00112133 	-0.000853399	-2.93352e-011	
19.5125    	-1.40201e-011	1.01489e-011	-1.41692e-019	1.12072e-018	8.56371e-019	8.70304e-012	0.00113174 	-0.000848302	-3.14914e-011	
19.5562    	-1.3875e-011	1.00461e-011	4.77566e-020	1.11702e-018	1.14926e-018	8.29565e-012	0.00114176 	-0.000845346	-3.18825e-011	
19.6       	-1.37368e-011	1.03521e-011	-6.84943e-020	1.12925e-018	1.33685e-018	8.24847e-012	0.00115136 	-0.000842649	-3.10735e-011	
19.6437    	-1.35993e-011	1.07132e-011	-3.74787e-019	1.13879e-018	1.22049e-018	8.60218e-012	0.00116047 	-0.000838017	-3.08314e-011	
19.6875    	-1.34559e-011	1.07216e-011	-5.62614e-019	1.12978e-018	9.10566e-019	8.9896e-012	0.00116911 	-0.00083119	-3.23181e-011	
19.7312    	-1.33061e-011	1.03295e-011	-4.44123e-019	1.10524e-018	7.13937e-019	9.00975e-012	0.00117731 	-0.0008241 	-3.49059e-011	
19.775     	-1.3156e-011	9.8959e-012	-1.42647e-019	1.08391e-018	8.21924e-019	8.63449e-012	0.00118514 	-0.00081889	-3.68229e-011	
19.8187    	-1.3012e-011	9.82077e-012	3.29888e-020	1.08117e-018	1.11616e-018	8.23545e-012	0.0011926  	-0.000815729	-3.69652e-011	
19.8625    	-1.28748e-011	1.01391e-011	-9.77054e-020	1.09346e-018	1.28928e-018	8.20556e-012	0.00119966 	-0.00081265	-3.60224e-011	
19.9062    	-1.2738e-011	1.0487e-011	-4.03823e-019	1.10194e-018	1.15747e-018	8.56055e-012	0.00120626 	-0.00080757	-3.57695e-011	
19.95      	-1.25953e-011	1.04726e-011	-5.76451e-019	1.0917e-018	8.46971e-019	8.92468e-012	0.00121242 	-0.000800417	-3.72528e-011	
