0
0
2.01607e-17
1.56272e-16
7.12234e-16
2.50947e-15
7.60829e-15
2.09943e-14
5.45385e-14
1.3634e-13
3.32881e-13
8.01806e-13
1.91827e-12
4.57865e-12
1.09338e-11
2.61656e-11
6.28068e-11
1.5128e-10
3.65687e-10
8.8708e-10
2.15914e-09
5.27207e-09
1.29114e-08
3.17084e-08
7.80717e-08
1.92689e-07
4.76637e-07
1.18147e-06
2.93427e-06
7.30073e-06
1.81957e-05
4.54216e-05
0.000113555
0.000284289
0.000712674
0.00178881
0.00449525
0.0113091
0.0284816
0.0718025
0.181189
0.457634
1.15687
2.9269
7.41101
18.7791
47.6198
120.837
306.834
779.619
1982.11
5042.3
12834.4
32685.7
83285.5
212324
541554
1.38194e+06
3.52803e+06
9.01086e+06
2.30242e+07
5.88547e+07
1.50505e+08
3.85023e+08
9.85336e+08
2.52255e+09
6.4602e+09
1.65501e+10
4.24128e+10
1.08726e+11
2.78808e+11
7.15168e+11
1.83501e+12
4.70969e+12
1.20912e+13
3.10499e+13
7.97568e+13
2.04921e+14
5.26639e+14
1.35377e+15
3.48083e+15
8.95198e+15
2.30279e+16
5.92495e+16
1.52479e+17
3.92487e+17
1.01048e+18
2.60209e+18
6.70192e+18
1.72647e+19
4.44837e+19
1.14636e+20
2.95476e+20
7.61724e+20
1.96403e+21
5.0649e+21
1.30637e+22
3.37e+22
8.69487e+22
2.24369e+23
5.79068e+23
1.49472e+24
3.85882e+24
9.96346e+24
2.57292e+25
6.64513e+25
1.71648e+26
4.43436e+26
1.14572e+27
2.96063e+27
7.65143e+27
1.97767e+28
5.11233e+28
1.32171e+29
3.41744e+29
8.83725e+29
2.2855e+30
5.91146e+30
1.52917e+31
3.95605e+31
1.02356e+32
2.64856e+32
6.85411e+32
1.77393e+33
4.59158e+33
1.18859e+34
3.0771e+34
7.96697e+34
2.06293e+35
5.34213e+35
1.38352e+36
3.58337e+36
9.2819e+36
2.40447e+37
6.22928e+37
1.61396e+38
4.18199e+38
1.0837e+39
2.80846e+39
7.27882e+39
1.88664e+40
4.89044e+40
1.26777e+41
3.28674e+41
8.5216e+41
2.20957e+42
5.72962e+42
1.48585e+43
3.85347e+43
9.99447e+43
2.59237e+44
6.72453e+44
1.74444e+45
4.52561e+45
1.17416e+46
3.04651e+46
7.90508e+46
2.05133e+47
5.32344e+47
1.38157e+48
3.58577e+48
9.30711e+48
2.41586e+49
6.27126e+49
1.62803e+50
4.22661e+50
1.09735e+51
2.84921e+51
7.39818e+51
1.9211e+52
4.98879e+52
1.29558e+53
3.36477e+53
8.73912e+53
2.26988e+54
5.896e+54
1.53156e+55
3.97861e+55
1.03359e+56
2.68527e+56
6.97665e+56
1.8127e+57
4.71003e+57
1.22389e+58
3.18038e+58
8.26485e+58
2.14788e+59
5.58218e+59
1.45083e+60
3.77091e+60
9.80154e+60
2.54777e+61
6.62285e+61
1.72166e+62
4.47574e+62
1.16359e+63
3.0252e+63
7.86546e+63
2.04508e+64
