T          	Er(t)      	Ephi(t)    	Ez(t)      	Hr(t)      	Hphi(t)    	Hz(t)      	Jr(t)      	Jphi(t)    	Jz(t)      
0          	0          	0          	0          	0          	0          	0          	0.49325    	-0.49325   	0          	
0.0135     	0          	3.47185e-015	0          	0          	0          	1.73592e-015	0.486546   	-0.486546  	0          	
0.027      	7.75731e-018	1.3832e-014	0          	0          	0          	8.21403e-015	0.479888   	-0.479888  	0          	
0.0405     	4.44633e-017	3.44375e-014	0          	0          	0          	2.30324e-014	0.473277   	-0.473277  	0          	
0.054      	1.47388e-016	6.85869e-014	0          	0          	0          	4.97973e-014	0.466711   	-0.466712  	0          	
0.0675     	3.69917e-016	1.19523e-013	0          	0          	0          	9.18402e-014	0.460192   	-0.460192  	0          	
0.081      	7.80323e-016	1.90436e-013	0          	0          	0          	1.52235e-013	0.453719   	-0.453719  	0          	
0.0945     	1.46062e-015	2.8446e-013	0          	0          	0          	2.33965e-013	0.447292   	-0.447292  	0          	
0.108      	2.50613e-015	4.04674e-013	0          	0          	0          	3.40044e-013	0.440911   	-0.440911  	0          	
0.1215     	4.02569e-015	5.54096e-013	0          	0          	0          	4.73525e-013	0.434576   	-0.434576  	0          	
0.135      	6.14173e-015	7.35686e-013	0          	0          	0          	6.3741e-013	0.428287   	-0.428286  	0          	
0.1485     	8.99012e-015	9.52349e-013	0          	0          	0          	8.3458e-013	0.422044   	-0.422043  	0          	
0.162      	1.27196e-014	1.20693e-012	0          	0          	0          	1.06779e-012	0.415848   	-0.415845  	0          	
0.1755     	1.74912e-014	1.50222e-012	0          	0          	0          	1.33972e-012	0.409698   	-0.409694  	0          	
0.189      	2.3478e-014	1.84096e-012	0          	0          	0          	1.65302e-012	0.403593   	-0.403587  	0          	
0.2025     	3.08649e-014	2.22582e-012	0          	0          	0          	2.01034e-012	0.397535   	-0.397527  	0          	
0.216      	3.98484e-014	2.65941e-012	0          	0          	0          	2.41424e-012	0.391523   	-0.391512  	0          	
0.2295     	5.06369e-014	3.14429e-012	0          	0          	0          	2.86722e-012	0.385558   	-0.385543  	0          	
0.243      	6.34497e-014	3.68296e-012	0          	0          	0          	3.37166e-012	0.379638   	-0.379619  	0          	
0.2565     	7.85166e-014	4.27785e-012	0          	0          	0          	3.92989e-012	0.373765   	-0.37374   	0          	
0.27       	9.60781e-014	4.93136e-012	0          	0          	0          	4.54417e-012	0.367938   	-0.367907  	0          	
0.2835     	1.16385e-013	5.64581e-012	0          	0          	0          	5.21674e-012	0.362157   	-0.362119  	0          	
0.297      	1.39697e-013	6.42345e-012	0          	0          	0          	5.94979e-012	0.356422   	-0.356376  	0          	
0.3105     	1.66284e-013	7.26649e-012	0          	0          	0          	6.74541e-012	0.350734   	-0.350678  	0          	
0.324      	1.96428e-013	8.17707e-012	0          	0          	0          	7.6056e-012	0.345092   	-0.345025  	0          	
0.3375     	2.30415e-013	9.15729e-012	0          	0          	0          	8.53231e-012	0.339496   	-0.339417  	0          	
0.351      	2.68543e-013	1.02092e-011	0          	0          	0          	9.52744e-012	0.333946   	-0.333854  	0          	
0.3645     	3.11118e-013	1.13347e-011	0          	0          	0          	1.05928e-011	0.328442   	-0.328335  	0          	
0.378      	3.58454e-013	1.25357e-011	0          	0          	0          	1.17302e-011	0.322985   	-0.322861  	0          	
0.3915     	4.10873e-013	1.38141e-011	0          	0          	0          	1.29414e-011	0.317574   	-0.317432  	0          	
0.405      	4.68704e-013	1.51716e-011	0          	0          	0          	1.4228e-011	0.312209   	-0.312047  	0          	
0.4185     	5.32285e-013	1.661e-011 	0          	0          	0          	1.55914e-011	0.30689    	-0.306706  	0          	
0.432      	6.01958e-013	1.8131e-011	0          	0          	0          	1.70334e-011	0.301618   	-0.301409  	0          	
0.4455     	6.78075e-013	1.97361e-011	0          	0          	0          	1.85552e-011	0.296392   	-0.296156  	0          	
0.459      	7.60993e-013	2.1427e-011	0          	0          	0          	2.01583e-011	0.291212   	-0.290947  	0          	
0.4725     	8.51074e-013	2.32049e-011	0          	0          	0          	2.1844e-011	0.286078   	-0.285783  	0          	
0.486      	9.48688e-013	2.50715e-011	0          	0          	0          	2.36136e-011	0.28099    	-0.280661  	0          	
0.4995     	1.05421e-012	2.70281e-011	0          	0          	0          	2.54682e-011	0.275949   	-0.275584  	0          	
0.513      	1.16802e-012	2.90758e-011	0          	0          	0          	2.74089e-011	0.270954   	-0.270549  	0          	
0.5265     	1.2905e-012	3.12161e-011	0          	0          	0          	2.94369e-011	0.266005   	-0.265558  	0          	
0.54       	1.42205e-012	3.34501e-011	0          	0          	0          	3.15531e-011	0.261102   	-0.260611  	0          	
0.5535     	1.56305e-012	3.57788e-011	0          	0          	0          	3.37584e-011	0.256245   	-0.255706  	0          	
0.567      	1.7139e-012	3.82033e-011	0          	0          	0          	3.60537e-011	0.251434   	-0.250845  	0          	
0.5805     	1.87502e-012	4.07247e-011	0          	0          	0          	3.84399e-011	0.24667    	-0.246026  	0          	
0.594      	2.04679e-012	4.33438e-011	0          	0          	0          	4.09176e-011	0.241951   	-0.24125   	0          	
0.6075     	2.22964e-012	4.60616e-011	0          	0          	0          	4.34876e-011	0.237278   	-0.236516  	0          	
0.621      	2.42397e-012	4.88788e-011	0          	0          	0          	4.61503e-011	0.232652   	-0.231825  	0          	
0.6345     	2.6302e-012	5.17962e-011	0          	0          	0          	4.89065e-011	0.228071   	-0.227176  	0          	
0.648      	2.84875e-012	5.48144e-011	0          	0          	0          	5.17566e-011	0.223536   	-0.22257   	0          	
0.6615     	3.08004e-012	5.79341e-011	0          	0          	0          	5.47009e-011	0.219047   	-0.218005  	0          	
0.675      	3.32448e-012	6.11559e-011	0          	0          	0          	5.77399e-011	0.214604   	-0.213482  	0          	
0.6885     	3.5825e-012	6.44802e-011	0          	0          	0          	6.08738e-011	0.210207   	-0.209001  	0          	
0.702      	3.85453e-012	6.79075e-011	0          	0          	0          	6.4103e-011	0.205855   	-0.204562  	0          	
0.7155     	4.14098e-012	7.14381e-011	0          	0          	0          	6.74275e-011	0.201549   	-0.200164  	0          	
0.729      	4.4423e-012	7.50725e-011	0          	0          	0          	7.08474e-011	0.197289   	-0.195807  	0          	
0.7425     	4.75889e-012	7.88107e-011	0          	0          	0          	7.43629e-011	0.193074   	-0.191492  	0          	
0.756      	5.0912e-012	8.26531e-011	0          	0          	0          	7.79738e-011	0.188905   	-0.187217  	0          	
0.7695     	5.43964e-012	8.65997e-011	0          	0          	0          	8.16801e-011	0.184781   	-0.182984  	0          	
0.783      	5.80464e-012	9.06506e-011	0          	0          	0          	8.54818e-011	0.180702   	-0.178791  	0          	
0.7965     	6.18663e-012	9.48058e-011	0          	0          	0          	8.93784e-011	0.176669   	-0.174638  	0          	
0.81       	6.58604e-012	9.90653e-011	0          	0          	0          	9.33699e-011	0.172681   	-0.170526  	0          	
0.8235     	7.00328e-012	1.03429e-010	0          	0          	0          	9.74559e-011	0.168738   	-0.166455  	0          	
0.837      	7.43878e-012	1.07897e-010	0          	0          	0          	1.01636e-010	0.16484    	-0.162423  	0          	
0.8505     	7.89296e-012	1.12468e-010	0          	0          	0          	1.0591e-010	0.160987   	-0.158431  	0          	
0.864      	8.36624e-012	1.17143e-010	0          	0          	0          	1.10276e-010	0.157179   	-0.154479  	0          	
0.8775     	8.85903e-012	1.21921e-010	0          	0          	0          	1.14736e-010	0.153416   	-0.150567  	0          	
0.891      	9.37175e-012	1.26801e-010	0          	0          	0          	1.19287e-010	0.149697   	-0.146694  	0          	
0.9045     	9.90481e-012	1.31784e-010	0          	0          	0          	1.2393e-010	0.146023   	-0.14286   	0          	
0.918      	1.04586e-011	1.36868e-010	0          	0          	0          	1.28663e-010	0.142393   	-0.139066  	0          	
0.9315     	1.10336e-011	1.42054e-010	0          	0          	0          	1.33486e-010	0.138808   	-0.13531   	0          	
0.945      	1.16301e-011	1.47339e-010	0          	0          	0          	1.38397e-010	0.135266   	-0.131593  	0          	
0.9585     	1.22485e-011	1.52725e-010	0          	0          	0          	1.43397e-010	0.131769   	-0.127915  	0          	
0.972      	1.28893e-011	1.58209e-010	0          	0          	0          	1.48483e-010	0.128316   	-0.124276  	0          	
0.9855     	1.35529e-011	1.63792e-010	0          	0          	0          	1.53656e-010	0.124907   	-0.120674  	0          	
0.999      	1.42395e-011	1.69471e-010	0          	0          	0          	1.58913e-010	0.121542   	-0.117111  	0          	
1.0125     	1.49496e-011	1.75247e-010	0          	0          	0          	1.64254e-010	0.11822    	-0.113586  	0          	
1.026      	1.56836e-011	1.81118e-010	0          	0          	0          	1.69678e-010	0.114941   	-0.110098  	0          	
1.0395     	1.64419e-011	1.87084e-010	0          	0          	0          	1.75183e-010	0.111706   	-0.106648  	0          	
1.053      	1.72247e-011	1.93142e-010	0          	0          	0          	1.80767e-010	0.108514   	-0.103235  	0          	
1.0665     	1.80325e-011	1.99292e-010	0          	0          	0          	1.86431e-010	0.105365   	-0.09986   	0          	
1.08       	1.88656e-011	2.05533e-010	0          	0          	0          	1.92171e-010	0.102259   	-0.0965217 	0          	
1.0935     	1.97244e-011	2.11863e-010	0          	0          	0          	1.97987e-010	0.0991955  	-0.0932203 	0          	
1.107      	2.06091e-011	2.18281e-010	0          	0          	0          	2.03877e-010	0.0961746  	-0.0899556 	0          	
1.1205     	2.15202e-011	2.24786e-010	0          	0          	0          	2.0984e-010	0.093196   	-0.0867273 	0          	
1.134      	2.24579e-011	2.31376e-010	0          	0          	0          	2.15874e-010	0.0902595  	-0.0835354 	0          	
1.1475     	2.34225e-011	2.3805e-010	0          	0          	0          	2.21977e-010	0.0873651  	-0.0803797 	0          	
1.161      	2.44145e-011	2.44805e-010	0          	0          	0          	2.28148e-010	0.0845124  	-0.0772598 	0          	
1.1745     	2.5434e-011	2.51642e-010	0          	0          	0          	2.34384e-010	0.0817014  	-0.0741757 	0          	
1.188      	2.64814e-011	2.58557e-010	0          	0          	0          	2.40685e-010	0.0789318  	-0.0711272 	0          	
1.2015     	2.7557e-011	2.65549e-010	0          	0          	0          	2.47048e-010	0.0762035  	-0.0681141 	0          	
1.215      	2.86609e-011	2.72616e-010	0          	0          	0          	2.53471e-010	0.0735162  	-0.0651361 	0          	
1.2285     	2.97936e-011	2.79758e-010	0          	0          	0          	2.59952e-010	0.0708698  	-0.0621931 	0          	
1.242      	3.09553e-011	2.86971e-010	0          	0          	0          	2.66489e-010	0.0682639  	-0.0592849 	0          	
1.2555     	3.21461e-011	2.94253e-010	0          	0          	0          	2.73081e-010	0.0656985  	-0.0564112 	0          	
1.269      	3.33664e-011	3.01604e-010	0          	0          	0          	2.79725e-010	0.0631733  	-0.0535719 	0          	
1.2825     	3.46164e-011	3.0902e-010	0          	0          	0          	2.86418e-010	0.0606881  	-0.0507668 	0          	
1.296      	3.58964e-011	3.16501e-010	0          	0          	0          	2.9316e-010	0.0582426  	-0.0479957 	0          	
1.3095     	3.72064e-011	3.24043e-010	0          	0          	0          	2.99947e-010	0.0558367  	-0.0452583 	0          	
1.323      	3.85468e-011	3.31645e-010	0          	0          	0          	3.06778e-010	0.05347    	-0.0425544 	0          	
1.3365     	3.99177e-011	3.39304e-010	0          	0          	0          	3.13649e-010	0.0511424  	-0.0398839 	0          	
1.35       	4.13193e-011	3.47018e-010	0          	0          	0          	3.2056e-010	0.0488537  	-0.0372465 	0          	
1.3635     	4.27518e-011	3.54786e-010	0          	0          	0          	3.27507e-010	0.0466035  	-0.034642  	0          	
1.377      	4.42153e-011	3.62604e-010	0          	0          	0          	3.34487e-010	0.0443916  	-0.0320702 	0          	
1.3905     	4.571e-011 	3.7047e-010	0          	0          	0          	3.415e-010 	0.0422178  	-0.0295309 	0          	
1.404      	4.72361e-011	3.78382e-010	0          	0          	0          	3.48541e-010	0.0400817  	-0.0270239 	0          	
1.4175     	4.87936e-011	3.86339e-010	0          	0          	0          	3.55609e-010	0.0379833  	-0.0245489 	0          	
1.431      	5.03827e-011	3.94336e-010	0          	0          	0          	3.62702e-010	0.0359221  	-0.0221057 	0          	
1.4445     	5.20035e-011	4.02371e-010	0          	0          	0          	3.69815e-010	0.033898   	-0.0196942 	0          	
1.458      	5.36561e-011	4.10443e-010	0          	0          	0          	3.76948e-010	0.0319106  	-0.0173141 	0          	
1.4715     	5.53406e-011	4.18549e-010	0          	0          	0          	3.84097e-010	0.0299597  	-0.0149653 	0          	
1.485      	5.7057e-011	4.26685e-010	0          	0          	0          	3.9126e-010	0.0280449  	-0.0126475 	0          	
1.4985     	5.88054e-011	4.34851e-010	0          	0          	0          	3.98433e-010	0.0261661  	-0.0103606 	0          	
1.512      	6.05859e-011	4.43041e-010	0          	0          	0          	4.05616e-010	0.024323   	-0.00810432	0          	
1.5255     	6.23984e-011	4.51255e-010	0          	0          	0          	4.12803e-010	0.0225152  	-0.00587854	0          	
1.539      	6.42431e-011	4.5949e-010	0          	0          	0          	4.19994e-010	0.0207424  	-0.00368304	0          	
1.5525     	6.612e-011 	4.67742e-010	0          	0          	0          	4.27185e-010	0.0190045  	-0.00151766	0          	
1.566      	6.80289e-011	4.76009e-010	0          	0          	0          	4.34373e-010	0.017301   	0.000617802	0          	
1.5795     	6.997e-011 	4.84288e-010	0          	0          	0          	4.41556e-010	0.0156317  	0.00272352 	0          	
1.593      	7.19432e-011	4.92577e-010	0          	0          	0          	4.48731e-010	0.0139963  	0.00479967 	0          	
1.6065     	7.39484e-011	5.00873e-010	0          	0          	0          	4.55895e-010	0.0123944  	0.00684644 	0          	
1.62       	7.59857e-011	5.09172e-010	0          	0          	0          	4.63045e-010	0.0108259  	0.00886399 	0          	
1.6335     	7.80549e-011	5.17472e-010	0          	0          	0          	4.70178e-010	0.00929036 	0.0108525  	0          	
1.647      	8.0156e-011	5.2577e-010	0          	0          	0          	4.77292e-010	0.00778749 	0.0128122  	0          	
1.6605     	8.22888e-011	5.34064e-010	0          	0          	0          	4.84383e-010	0.00631699 	0.0147431  	0          	
1.674      	8.44534e-011	5.4235e-010	0          	0          	0          	4.9145e-010	0.00487855 	0.0166455  	0          	
1.6875     	8.66495e-011	5.50626e-010	0          	0          	0          	4.98488e-010	0.00347186 	0.0185196  	0          	
1.701      	8.88771e-011	5.58888e-010	0          	0          	0          	5.05495e-010	0.00209661 	0.0203654  	0          	
1.7145     	9.1136e-011	5.67134e-010	0          	0          	0          	5.12469e-010	0.000752478	0.0221832  	0          	
1.728      	9.34261e-011	5.75361e-010	0          	0          	0          	5.19406e-010	-0.000560844	0.0239731  	0          	
1.7415     	9.57472e-011	5.83565e-010	0          	0          	0          	5.26303e-010	-0.00184368	0.0257352  	0          	
1.755      	9.8099e-011	5.91745e-010	0          	0          	0          	5.33158e-010	-0.00309634	0.0274698  	0          	
1.7685     	1.00482e-010	5.99896e-010	0          	0          	0          	5.39968e-010	-0.00431914	0.0291769  	0          	
1.782      	1.02895e-010	6.08017e-010	0          	0          	0          	5.46729e-010	-0.00551242	0.0308568  	0          	
1.7955     	1.05338e-010	6.16103e-010	0          	0          	0          	5.53439e-010	-0.00667648	0.0325096  	0          	
1.809      	1.07811e-010	6.24153e-010	0          	0          	0          	5.60096e-010	-0.00781166	0.0341354  	0          	
1.8225     	1.10314e-010	6.32164e-010	0          	0          	0          	5.66696e-010	-0.00891828	0.0357344  	0          	
1.836      	1.12846e-010	6.40131e-010	0          	0          	0          	5.73237e-010	-0.00999665	0.0373067  	0          	
1.8495     	1.15408e-010	6.48053e-010	0          	0          	0          	5.79715e-010	-0.0110471 	0.0388525  	0          	
1.863      	1.17998e-010	6.55927e-010	0          	0          	0          	5.86128e-010	-0.01207   	0.0403719  	0          	
1.8765     	1.20618e-010	6.63749e-010	0          	0          	0          	5.92473e-010	-0.0130656 	0.0418651  	0          	
1.89       	1.23265e-010	6.71517e-010	0          	0          	0          	5.98747e-010	-0.0140343 	0.0433322  	0          	
1.9035     	1.25941e-010	6.79228e-010	0          	0          	0          	6.04948e-010	-0.0149764 	0.0447733  	0          	
1.917      	1.28644e-010	6.86879e-010	0          	0          	0          	6.11073e-010	-0.0158921 	0.0461886  	0          	
1.9305     	1.31375e-010	6.94467e-010	0          	0          	0          	6.17119e-010	-0.016782  	0.0475782  	0          	
1.944      	1.34132e-010	7.01989e-010	0          	0          	0          	6.23083e-010	-0.0176462 	0.0489423  	0          	
1.9575     	1.36917e-010	7.09443e-010	0          	0          	0          	6.28963e-010	-0.0184852 	0.0502809  	0          	
1.971      	1.39727e-010	7.16826e-010	0          	0          	0          	6.34757e-010	-0.0192991 	0.0515942  	0          	
1.9845     	1.42564e-010	7.24135e-010	0          	0          	0          	6.40461e-010	-0.0200885 	0.0528823  	0          	
1.998      	1.45426e-010	7.31367e-010	0          	0          	0          	6.46073e-010	-0.0208535 	0.0541454  	0          	
2.0115     	1.48313e-010	7.3852e-010	0          	0          	0          	6.51591e-010	-0.0215946 	0.0553836  	0          	
2.025      	1.51225e-010	7.4559e-010	0          	0          	0          	6.57011e-010	-0.0223121 	0.0565969  	0          	
2.0385     	1.54161e-010	7.52576e-010	0          	0          	0          	6.62331e-010	-0.0230062 	0.0577855  	0          	
2.052      	1.57121e-010	7.59475e-010	0          	0          	0          	6.6755e-010	-0.0236773 	0.0589495  	0          	
2.0655     	1.60104e-010	7.66283e-010	0          	0          	0          	6.72665e-010	-0.0243258 	0.0600891  	0          	
2.079      	1.6311e-010	7.72999e-010	0          	0          	0          	6.77673e-010	-0.024952  	0.0612042  	0          	
2.0925     	1.66138e-010	7.79619e-010	0          	0          	0          	6.82571e-010	-0.0255562 	0.0622952  	0          	
2.106      	1.69188e-010	7.86142e-010	0          	0          	0          	6.87358e-010	-0.0261387 	0.0633619  	0          	
2.1195     	1.7226e-010	7.92565e-010	0          	0          	0          	6.92032e-010	-0.0266999 	0.0644046  	0          	
2.133      	1.75352e-010	7.98886e-010	0          	0          	0          	6.9659e-010	-0.0272401 	0.0654234  	0          	
2.1465     	1.78465e-010	8.05101e-010	0          	0          	0          	7.0103e-010	-0.0277597 	0.0664183  	0          	
2.16       	1.81598e-010	8.1121e-010	0          	0          	0          	7.0535e-010	-0.0282589 	0.0673895  	0          	
2.1735     	1.8475e-010	8.17209e-010	0          	0          	0          	7.09547e-010	-0.028738  	0.0683371  	0          	
2.187      	1.87921e-010	8.23096e-010	0          	0          	0          	7.13621e-010	-0.0291975 	0.0692611  	0          	
2.2005     	1.91109e-010	8.28869e-010	0          	0          	0          	7.17568e-010	-0.0296376 	0.0701618  	0          	
2.214      	1.94316e-010	8.34527e-010	0          	0          	0          	7.21388e-010	-0.0300587 	0.0710391  	0          	
2.2275     	1.9754e-010	8.40066e-010	0          	0          	0          	7.25078e-010	-0.0304611 	0.0718933  	0          	
2.241      	2.0078e-010	8.45484e-010	0          	0          	0          	7.28636e-010	-0.0308451 	0.0727243  	0          	
2.2545     	2.04036e-010	8.5078e-010	0          	0          	0          	7.32061e-010	-0.0312111 	0.0735324  	0          	
2.268      	2.07307e-010	8.55952e-010	0          	0          	0          	7.3535e-010	-0.0315593 	0.0743176  	0          	
2.2815     	2.10593e-010	8.60998e-010	0          	0          	0          	7.38503e-010	-0.0318901 	0.07508    	0          	
2.295      	2.13893e-010	8.65916e-010	0          	0          	0          	7.41517e-010	-0.0322037 	0.0758198  	0          	
2.3085     	2.17207e-010	8.70705e-010	0          	0          	0          	7.44392e-010	-0.0325007 	0.0765371  	0          	
2.322      	2.20534e-010	8.75361e-010	0          	0          	0          	7.47126e-010	-0.0327811 	0.0772319  	0          	
2.3355     	2.23872e-010	8.79885e-010	0          	0          	0          	7.49716e-010	-0.0330455 	0.0779044  	0          	
2.349      	2.27222e-010	8.84273e-010	0          	0          	0          	7.52163e-010	-0.033294  	0.0785548  	0          	
2.3625     	2.30584e-010	8.88526e-010	0          	0          	0          	7.54465e-010	-0.033527  	0.079183   	0          	
2.376      	2.33955e-010	8.9264e-010	0          	0          	0          	7.5662e-010	-0.0337449 	0.0797894  	0          	
2.3895     	2.37336e-010	8.96615e-010	0          	0          	0          	7.58628e-010	-0.0339478 	0.0803739  	0          	
2.403      	2.40726e-010	9.0045e-010	0          	0          	0          	7.60487e-010	-0.0341362 	0.0809367  	0          	
2.4165     	2.44125e-010	9.04142e-010	0          	0          	0          	7.62196e-010	-0.0343104 	0.0814779  	0          	
2.43       	2.47531e-010	9.07692e-010	0          	0          	0          	7.63755e-010	-0.0344706 	0.0819977  	0          	
2.4435     	2.50944e-010	9.11097e-010	0          	0          	0          	7.65162e-010	-0.0346172 	0.0824962  	0          	
2.457      	2.54363e-010	9.14356e-010	0          	0          	0          	7.66418e-010	-0.0347504 	0.0829735  	0          	
2.4705     	2.57788e-010	9.17469e-010	0          	0          	0          	7.6752e-010	-0.0348706 	0.0834298  	0          	
2.484      	2.61218e-010	9.20434e-010	0          	0          	0          	7.68469e-010	-0.0349782 	0.0838652  	0          	
2.4975     	2.64652e-010	9.23251e-010	0          	0          	0          	7.69263e-010	-0.0350732 	0.0842798  	0          	
2.511      	2.68089e-010	9.25918e-010	0          	0          	0          	7.69903e-010	-0.0351562 	0.0846738  	0          	
2.5245     	2.7153e-010	9.28436e-010	0          	0          	0          	7.70387e-010	-0.0352274 	0.0850473  	0          	
2.538      	2.74972e-010	9.30803e-010	0          	0          	0          	7.70717e-010	-0.035287  	0.0854005  	0          	
2.5515     	2.78417e-010	9.33019e-010	0          	0          	0          	7.7089e-010	-0.0353354 	0.0857335  	0          	
2.565      	2.81861e-010	9.35083e-010	0          	0          	0          	7.70908e-010	-0.0353728 	0.0860464  	0          	
2.5785     	2.85306e-010	9.36995e-010	0          	0          	0          	7.7077e-010	-0.0353996 	0.0863395  	0          	
2.592      	2.88751e-010	9.38754e-010	0          	0          	0          	7.70475e-010	-0.0354161 	0.0866129  	0          	
2.6055     	2.92194e-010	9.4036e-010	0          	0          	0          	7.70024e-010	-0.0354224 	0.0868668  	0          	
2.619      	2.95635e-010	9.41814e-010	0          	0          	0          	7.69418e-010	-0.035419  	0.0871012  	0          	
2.6325     	2.99073e-010	9.43114e-010	0          	0          	0          	7.68656e-010	-0.035406  	0.0873164  	0          	
2.646      	3.02508e-010	9.44261e-010	0          	0          	0          	7.67739e-010	-0.0353839 	0.0875125  	0          	
2.6595     	3.05939e-010	9.45256e-010	0          	0          	0          	7.66668e-010	-0.0353527 	0.0876898  	0          	
2.673      	3.09365e-010	9.46098e-010	0          	0          	0          	7.65442e-010	-0.0353129 	0.0878483  	0          	
2.6865     	3.12785e-010	9.46788e-010	0          	0          	0          	7.64063e-010	-0.0352647 	0.0879883  	0          	
2.7        	3.162e-010 	9.47326e-010	0          	0          	0          	7.62531e-010	-0.0352083 	0.0881099  	0          	
2.7135     	3.19607e-010	9.47714e-010	0          	0          	0          	7.60848e-010	-0.035144  	0.0882134  	0          	
2.727      	3.23007e-010	9.47953e-010	0          	0          	0          	7.59015e-010	-0.0350722 	0.0882988  	0          	
2.7405     	3.26399e-010	9.48043e-010	0          	0          	0          	7.57034e-010	-0.034993  	0.0883664  	0          	
2.754      	3.29782e-010	9.47986e-010	0          	0          	0          	7.54906e-010	-0.0349067 	0.0884164  	0          	
2.7675     	3.33155e-010	9.47783e-010	0          	0          	0          	7.52632e-010	-0.0348136 	0.088449   	0          	
2.781      	3.36519e-010	9.47436e-010	0          	0          	0          	7.50215e-010	-0.0347139 	0.0884643  	0          	
2.7945     	3.39871e-010	9.46947e-010	0          	0          	0          	7.47656e-010	-0.0346078 	0.0884625  	0          	
2.808      	3.43212e-010	9.46318e-010	0          	0          	0          	7.44959e-010	-0.0344957 	0.0884439  	0          	
2.8215     	3.46541e-010	9.45549e-010	0          	0          	0          	7.42124e-010	-0.0343778 	0.0884086  	0          	
2.835      	3.49858e-010	9.44644e-010	0          	0          	0          	7.39154e-010	-0.0342543 	0.0883569  	0          	
2.8485     	3.53161e-010	9.43602e-010	0          	0          	0          	7.36051e-010	-0.0341254 	0.088289   	0          	
2.862      	3.5645e-010	9.42427e-010	0          	0          	0          	7.32817e-010	-0.0339915 	0.088205   	0          	
2.8755     	3.59725e-010	9.4112e-010	0          	0          	0          	7.29453e-010	-0.0338526 	0.0881051  	0          	
2.889      	3.62984e-010	9.39681e-010	0          	0          	0          	7.25962e-010	-0.0337091 	0.0879897  	0          	
2.9025     	3.66228e-010	9.38112e-010	0          	0          	0          	7.22345e-010	-0.0335613 	0.0878588  	0          	
2.916      	3.69456e-010	9.36414e-010	0          	0          	0          	7.18604e-010	-0.0334092 	0.0877128  	0          	
2.9295     	3.72667e-010	9.34588e-010	0          	0          	0          	7.14739e-010	-0.0332531 	0.0875518  	0          	
2.943      	3.75861e-010	9.32635e-010	0          	0          	0          	7.10752e-010	-0.0330934 	0.087376   	0          	
2.9565     	3.79038e-010	9.30556e-010	0          	0          	0          	7.06644e-010	-0.0329301 	0.0871857  	0          	
2.97       	3.82195e-010	9.28353e-010	0          	0          	0          	7.02416e-010	-0.0327635 	0.0869811  	0          	
2.9835     	3.85334e-010	9.26026e-010	0          	0          	0          	6.98072e-010	-0.0325937 	0.0867625  	0          	
2.997      	3.88454e-010	9.23577e-010	0          	0          	0          	6.93611e-010	-0.0324211 	0.0865299  	0          	
3.0105     	3.91553e-010	9.21007e-010	0          	0          	0          	6.89037e-010	-0.0322458 	0.0862838  	0          	
3.024      	3.94632e-010	9.18318e-010	0          	0          	0          	6.84349e-010	-0.0320681 	0.0860243  	0          	
3.0375     	3.9769e-010	9.15509e-010	0          	0          	0          	6.7955e-010	-0.031888  	0.0857516  	0          	
3.051      	4.00727e-010	9.12584e-010	0          	0          	0          	6.7464e-010	-0.0317059 	0.0854659  	0          	
3.0645     	4.03742e-010	9.09542e-010	0          	0          	0          	6.69623e-010	-0.0315218 	0.0851676  	0          	
3.078      	4.06734e-010	9.06386e-010	0          	0          	0          	6.64498e-010	-0.0313361 	0.0848569  	0          	
3.0915     	4.09704e-010	9.03116e-010	0          	0          	0          	6.59268e-010	-0.0311488 	0.0845339  	0          	
3.105      	4.1265e-010	8.99733e-010	0          	0          	0          	6.53934e-010	-0.0309602 	0.084199   	0          	
3.1185     	4.15572e-010	8.96237e-010	0          	0          	0          	6.48497e-010	-0.0307704 	0.0838523  	0          	
3.132      	4.1847e-010	8.92631e-010	0          	0          	0          	6.42958e-010	-0.0305796 	0.0834941  	0          	
3.1455     	4.21343e-010	8.88916e-010	0          	0          	0          	6.37318e-010	-0.030388  	0.0831247  	0          	
3.159      	4.24191e-010	8.85093e-010	0          	0          	0          	6.31581e-010	-0.0301958 	0.0827443  	0          	
3.1725     	4.27013e-010	8.81164e-010	0          	0          	0          	6.25747e-010	-0.0300031 	0.0823532  	0          	
3.186      	4.2981e-010	8.77129e-010	0          	0          	0          	6.19817e-010	-0.0298101 	0.0819515  	0          	
3.1995     	4.32579e-010	8.7299e-010	0          	0          	0          	6.13794e-010	-0.0296169 	0.0815396  	0          	
3.213      	4.35322e-010	8.68746e-010	0          	0          	0          	6.07678e-010	-0.0294238 	0.0811176  	0          	
3.2265     	4.38038e-010	8.64398e-010	0          	0          	0          	6.01469e-010	-0.0292308 	0.0806859  	0          	
3.24       	4.40726e-010	8.59949e-010	0          	0          	0          	5.9517e-010	-0.0290381 	0.0802447  	0          	
3.2535     	4.43385e-010	8.55397e-010	0          	0          	0          	5.8878e-010	-0.0288458 	0.0797942  	0          	
3.267      	4.46016e-010	8.50745e-010	0          	0          	0          	5.82301e-010	-0.0286542 	0.0793347  	0          	
3.2805     	4.48618e-010	8.45991e-010	0          	0          	0          	5.75734e-010	-0.0284633 	0.0788665  	0          	
3.294      	4.51191e-010	8.41137e-010	0          	0          	0          	5.69079e-010	-0.0282732 	0.0783897  	0          	
3.3075     	4.53734e-010	8.36182e-010	0          	0          	0          	5.62336e-010	-0.0280842 	0.0779047  	0          	
3.321      	4.56247e-010	8.31129e-010	0          	0          	0          	5.55508e-010	-0.0278963 	0.0774116  	0          	
3.3345     	4.5873e-010	8.25977e-010	0          	0          	0          	5.48594e-010	-0.0277096 	0.0769108  	0          	
3.348      	4.61181e-010	8.20728e-010	0          	0          	0          	5.41596e-010	-0.0275244 	0.0764025  	0          	
3.3615     	4.63601e-010	8.1538e-010	0          	0          	0          	5.34514e-010	-0.0273407 	0.075887   	0          	
3.375      	4.6599e-010	8.09935e-010	0          	0          	0          	5.27349e-010	-0.0271585 	0.0753644  	0          	
3.3885     	4.68346e-010	8.04393e-010	0          	0          	0          	5.20101e-010	-0.0269782 	0.0748351  	0          	
3.402      	4.70671e-010	7.98755e-010	0          	0          	0          	5.12772e-010	-0.0267996 	0.0742993  	0          	
3.4155     	4.72962e-010	7.93021e-010	0          	0          	0          	5.05361e-010	-0.0266231 	0.0737573  	0          	
3.429      	4.7522e-010	7.87192e-010	0          	0          	0          	4.97871e-010	-0.0264485 	0.0732092  	0          	
3.4425     	4.77445e-010	7.81269e-010	0          	0          	0          	4.90302e-010	-0.0262762 	0.0726554  	0          	
3.456      	4.79636e-010	7.75252e-010	0          	0          	0          	4.82654e-010	-0.0261061 	0.0720961  	0          	
3.4695     	4.81793e-010	7.69143e-010	0          	0          	0          	4.7493e-010	-0.0259384 	0.0715315  	0          	
3.483      	4.83915e-010	7.62944e-010	0          	0          	0          	4.67131e-010	-0.0257731 	0.070962   	0          	
3.4965     	4.86003e-010	7.56656e-010	0          	0          	0          	4.59259e-010	-0.0256103 	0.0703877  	0          	
3.51       	4.88055e-010	7.5028e-010	0          	0          	0          	4.51314e-010	-0.0254501 	0.0698088  	0          	
3.5235     	4.90072e-010	7.43818e-010	0          	0          	0          	4.433e-010 	-0.0252927 	0.0692257  	0          	
3.537      	4.92053e-010	7.3727e-010	0          	0          	0          	4.35217e-010	-0.025138  	0.0686386  	0          	
3.5505     	4.93998e-010	7.30638e-010	0          	0          	0          	4.27067e-010	-0.0249862 	0.0680477  	0          	
3.564      	4.95906e-010	7.23924e-010	0          	0          	0          	4.18851e-010	-0.0248373 	0.0674533  	0          	
3.5775     	4.97778e-010	7.1713e-010	0          	0          	0          	4.10572e-010	-0.0246914 	0.0668555  	0          	
3.591      	4.99613e-010	7.10257e-010	0          	0          	0          	4.02231e-010	-0.0245485 	0.0662547  	0          	
3.6045     	5.0141e-010	7.03307e-010	0          	0          	0          	3.93831e-010	-0.0244088 	0.0656511  	0          	
3.618      	5.0317e-010	6.96281e-010	0          	0          	0          	3.85372e-010	-0.0242723 	0.0650449  	0          	
3.6315     	5.04892e-010	6.89181e-010	0          	0          	0          	3.76857e-010	-0.024139  	0.0644364  	0          	
3.645      	5.06576e-010	6.82009e-010	0          	0          	0          	3.68288e-010	-0.024009  	0.0638257  	0          	
3.6585     	5.08222e-010	6.74768e-010	0          	0          	0          	3.59667e-010	-0.0238824 	0.0632131  	0          	
3.672      	5.09829e-010	6.67458e-010	0          	0          	0          	3.50997e-010	-0.0237591 	0.0625989  	0          	
3.6855     	5.11398e-010	6.60083e-010	0          	0          	0          	3.42279e-010	-0.0236393 	0.0619833  	0          	
3.699      	5.12927e-010	6.52644e-010	0          	0          	0          	3.33515e-010	-0.023523  	0.0613665  	0          	
3.7125     	5.14418e-010	6.45142e-010	0          	0          	0          	3.24708e-010	-0.0234102 	0.0607487  	0          	
3.726      	5.15869e-010	6.3758e-010	0          	0          	0          	3.1586e-010	-0.023301  	0.0601301  	0          	
3.7395     	5.1728e-010	6.2996e-010	0          	0          	0          	3.06973e-010	-0.0231954 	0.059511   	0          	
3.753      	5.18652e-010	6.22285e-010	0          	0          	0          	2.98048e-010	-0.0230934 	0.0588916  	0          	
3.7665     	5.19984e-010	6.14556e-010	0          	0          	0          	2.8909e-010	-0.022995  	0.0582721  	0          	
3.78       	5.21276e-010	6.06775e-010	0          	0          	0          	2.801e-010 	-0.0229004 	0.0576527  	0          	
3.7935     	5.22527e-010	5.98946e-010	0          	0          	0          	2.71079e-010	-0.0228094 	0.0570337  	0          	
3.807      	5.23739e-010	5.91069e-010	0          	0          	0          	2.62031e-010	-0.0227222 	0.0564152  	0          	
3.8205     	5.2491e-010	5.83147e-010	0          	0          	0          	2.52958e-010	-0.0226387 	0.0557974  	0          	
3.834      	5.2604e-010	5.75183e-010	0          	0          	0          	2.43863e-010	-0.022559  	0.0551806  	0          	
3.8475     	5.2713e-010	5.67179e-010	0          	0          	0          	2.34747e-010	-0.0224831 	0.054565   	0          	
3.861      	5.28179e-010	5.59137e-010	0          	0          	0          	2.25613e-010	-0.022411  	0.0539507  	0          	
3.8745     	5.29187e-010	5.5106e-010	0          	0          	0          	2.16464e-010	-0.0223427 	0.0533379  	0          	
3.888      	5.30154e-010	5.42949e-010	0          	0          	0          	2.07302e-010	-0.0222782 	0.0527269  	0          	
3.9015     	5.31081e-010	5.34808e-010	0          	0          	0          	1.98129e-010	-0.0222174 	0.0521178  	0          	
3.915      	5.31966e-010	5.26638e-010	0          	0          	0          	1.88948e-010	-0.0221605 	0.0515109  	0          	
3.9285     	5.3281e-010	5.18442e-010	0          	0          	0          	1.79762e-010	-0.0221075 	0.0509063  	0          	
3.942      	5.33614e-010	5.10223e-010	0          	0          	0          	1.70572e-010	-0.0220582 	0.0503042  	0          	
3.9555     	5.34376e-010	5.01982e-010	0          	0          	0          	1.61382e-010	-0.0220127 	0.0497048  	0          	
3.969      	5.35097e-010	4.93721e-010	0          	0          	0          	1.52193e-010	-0.021971  	0.0491082  	0          	
3.9825     	5.35777e-010	4.85445e-010	0          	0          	0          	1.43008e-010	-0.0219331 	0.0485147  	0          	
