1
1
1
1
1
1
1
1
1
1
1
1
1
1
1
1
1
1
1
1
1
1
1
1
1
1
1
1
1
1
1
1
1
1
1
1
1
1
1
1
1
1
1
1
1
1
1
1
1
1
1
1
1
1
1
1
1
1
1
1
1
1
1
1
1
1
1
1
1
1
1
1
1
1
1
1
1
1
1
1
1
1
1
1
1
1
1
1
1
1
1
1
1
1
1
1
1
1
1
1
1
1
1
1
1
1
1
1
1
1
1
1
1
1
1
1
1
1
1
1
1
1
1
1
1
1
1
1
1
1
1
1
1
1
1
1
1
1
1
1
1
1
1
1
1
1
1
1
1
1
1
1
1
1
1
1
1
1
1
1
1
1
1
1
1
1
1
1
1
1
1
1
1
1
1
1
1
1
1
1
1
1
1
1
1
1
1
1
1
1
1
1
1
1
1
1
1
1
1
1
1
0.999938
0.999753
0.999445
0.999013
0.998459
0.997781
0.99698
0.996057
0.995012
0.993844
0.992555
0.991144
0.989611
0.987958
0.986185
0.984292
0.982279
0.980147
0.977897
0.975528
0.973043
0.97044
0.967722
0.964888
0.96194
0.958877
0.955702
0.952414
0.949014
0.945503
0.941883
0.938153
0.934316
0.930371
0.92632
0.922164
0.917904
0.91354
0.909075
0.904508
0.899842
0.895078
0.890215
0.885257
0.880203
0.875056
0.869816
0.864484
0.859063
0.853553
0.847956
0.842274
0.836506
0.830656
0.824724
0.818712
0.812621
0.806454
0.80021
0.793893
0.787503
0.781042
0.774511
0.767913
0.761249
0.754521
0.747729
0.740877
0.733965
0.726995
0.71997
0.71289
0.705757
0.698574
0.691342
0.684062
0.676737
0.669369
0.661959
0.654508
0.64702
0.639496
0.631937
0.624345
0.616723
0.609072
0.601394
0.593691
0.585965
0.578217
0.570451
0.562667
0.554867
0.547054
0.53923
0.531395
0.523553
0.515705
0.507854
0.5
0.492146
0.484295
0.476447
0.468605
0.46077
0.452946
0.445133
0.437333
0.429549
0.421783
0.414035
0.406309
0.398606
0.390928
0.383277
0.375655
0.368063
0.360504
0.35298
0.345492
0.338041
0.330631
0.323263
0.315938
0.308658
0.301426
0.294243
0.28711
0.28003
0.273005
0.266035
0.259123
0.252271
0.245479
0.238751
0.232087
0.225489
0.218958
0.212497
0.206107
0.19979
0.193546
0.187379
0.181288
0.175276
0.169344
0.163494
0.157726
0.152044
0.146447
0.140937
0.135516
0.130184
0.124944
0.119797
0.114743
0.109785
0.104922
0.100158
0.0954915
0.0909251
0.0864597
0.0820963
0.077836
0.0736799
0.069629
0.0656842
0.0618467
0.0581172
0.0544967
0.0509862
0.0475865
0.0442984
0.0411227
0.0380602
0.0351118
0.032278
0.0295596
0.0269573
0.0244717
0.0221035
0.0198532
0.0177213
0.0157084
0.013815
0.0120416
0.0103886
0.00885637
0.00744534
0.00615583
0.00498817
0.00394265
0.00301952
0.00221902
0.00154133
0.000986636
0.000555063
0.00024672
6.16838e-05
